3000 50 80
13 132
399 105
1284 233
265 555
683 568
1021 323
409 428
1113 26
562 211
1040 4
791 28
637 581
323 409
254 647
273 186
608 507
364 59
1118 426
934 162
1074 238
450 244
1292 362
140 602
704 386
1229 658
581 281
107 607
598 581
198 569
1153 688
67 332
269 305
781 46
1208 229
1133 689
1284 606
492 561
616 640
1218 167
726 416
808 514
682 522
893 417
534 338
464 232
923 246
972 453
803 206
1070 669
686 38
278 317
282 642
376 619
1076 167
29 481
915 479
1 506
919 94
810 669
559 295
1164 410
1211 383
755 287
905 285
582 123
591 357
906 314
1002 19
1185 500
307 669
764 614
679 553
887 606
569 71
251 692
1167 133
641 168
483 348
303 227
271 251
981 619
1214 511
777 608
80 312
797 625
126 461
285 476
24 151
223 682
728 307
402 523
289 531
822 57
318 446
521 323
491 226
310 639
723 632
167 184
1159 49
107 79
854 205
752 556
30 527
1085 448
121 13
5 123
988 0
456 6
191 139
165 497
517 680
1016 229
557 159
916 29
531 61
880 196
547 359
96 539
316 686
99 228
148 624
872 619
387 348
1147 416
18 19
1234 278
727 451
232 628
1003 412
366 332
212 424
773 69
1176 353
1086 107
569 308
1003 638
784 62
354 90
1096 361
160 483
407 5
1013 355
27 561
570 686
1090 540
173 524
834 60
1050 198
69 68
1255 102
1245 3
1057 451
256 407
45 608
1071 532
330 675
1104 284
621 258
730 362
159 77
450 87
130 591
730 272
477 406
599 287
556 674
730 112
996 87
80 250
1215 181
1207 359
952 653
36 437
621 333
733 0
138 170
651 679
1226 607
227 226
1255 248
861 91
961 438
1003 166
1211 408
716 224
406 267
756 377
929 513
86 486
206 103
1043 322
937 479
483 692
1008 110
931 42
784 624
505 482
1157 17
476 89
454 194
343 33
883 665
571 57
52 353
1241 93
193 16
629 30
48 662
525 586
225 649
516 409
1207 677
1002 265
952 663
613 375
946 261
1262 327
434 341
167 437
175 409
535 256
928 121
702 69
346 310
361 337
1263 231
1182 129
947 82
1217 347
284 585
0 545
1138 633
665 645
398 247
252 82
1201 48
643 338
1144 548
884 522
536 157
72 156
1006 22
948 373
168 70
665 538
913 94
1245 120
929 572
26 71
257 339
245 7
945 470
1122 77
851 251
1004 671
1264 144
34 423
250 559
343 530
1177 215
545 643
1111 86
286 489
1039 289
398 252
182 315
1036 141
1049 677
63 317
12 32
299 572
649 252
63 668
1223 71
290 338
729 349
872 21
224 1
1083 288
1091 610
1223 149
496 450
589 534
591 283
797 8
429 512
811 556
587 375
501 541
909 54
17 564
95 45
895 658
1185 163
795 435
630 413
638 22
133 445
1265 393
779 443
1141 20
261 295
136 513
43 513
511 546
64 325
1040 369
584 277
984 159
88 370
1065 481
163 544
910 616
1228 457
943 542
693 96
357 699
123 519
650 543
1205 294
1001 97
250 629
802 328
1295 657
151 39
1299 290
991 223
821 279
1182 107
355 249
873 695
666 423
1086 215
181 590
1035 203
1164 104
1142 348
802 466
1154 468
180 279
1072 248
924 344
529 347
825 347
182 44
829 328
1097 687
1290 242
367 197
494 436
1281 530
78 174
191 371
1081 237
626 277
659 509
590 176
852 694
405 556
969 253
496 69
1141 139
275 0
549 688
1224 448
237 347
555 430
1281 57
656 95
597 185
17 232
409 603
967 290
1281 333
763 300
303 336
81 153
9 37
1276 470
796 529
448 134
270 615
1196 117
326 351
550 606
360 326
887 553
610 342
1123 571
762 470
596 34
848 483
278 239
505 362
209 531
0 25
58 393
601 627
1147 91
159 397
1045 390
952 386
606 558
888 34
746 676
1050 235
607 99
136 109
525 617
252 619
852 415
852 447
264 323
590 691
1212 477
1 637
665 587
905 216
208 221
199 49
58 577
1044 378
472 448
70 121
1068 621
816 221
854 489
1024 575
460 341
30 678
321 271
783 637
1030 613
1010 639
880 432
102 139
604 528
1123 487
827 509
774 542
1161 360
592 19
627 653
660 532
873 472
993 192
40 434
438 310
1284 639
1053 556
14 41
594 396
20 594
741 291
15 634
669 53
238 41
446 274
239 677
1177 161
399 119
1127 153
1167 626
800 574
608 25
1112 105
176 181
537 0
56 215
1156 228
1017 574
781 541
1030 99
1284 209
910 473
354 275
894 623
347 543
604 76
500 352
253 483
1107 552
353 579
614 12
640 136
1200 439
87 96
783 366
557 181
771 581
1134 470
299 193
1122 545
1035 105
911 699
1053 493
915 252
1055 385
358 534
1197 124
596 157
1015 194
989 675
113 275
626 393
417 77
482 34
845 150
1101 112
300 78
92 574
1214 42
1032 36
947 462
185 153
501 521
82 140
1195 222
555 312
47 476
927 403
965 119
844 429
438 282
413 414
150 498
815 688
100 378
1025 142
1279 312
1041 80
907 93
916 121
890 578
821 662
475 469
608 210
792 561
1227 282
31 238
61 583
241 401
309 346
1085 587
362 256
79 194
342 344
802 434
793 3
266 52
669 65
1291 337
345 260
95 37
719 577
922 216
1097 326
340 562
750 141
1248 674
1162 433
710 36
437 178
672 416
694 198
727 356
1075 470
1213 501
1196 484
1024 263
1256 567
122 605
198 460
743 75
890 133
409 65
698 248
577 163
800 32
482 226
518 64
514 636
929 601
861 471
607 318
521 437
1045 357
140 548
135 595
473 38
449 602
1178 92
186 168
989 111
1120 44
1088 265
1034 493
376 597
948 409
113 205
712 348
808 154
735 460
824 378
538 80
366 89
110 57
867 493
164 265
1194 662
1104 263
502 504
77 319
1227 202
527 591
547 546
181 548
908 26
176 15
1110 183
16 158
99 134
213 519
909 321
567 632
888 342
1174 200
891 689
364 430
519 414
1161 283
229 101
150 327
825 574
1252 586
24 444
236 246
437 334
1083 574
986 422
149 59
683 365
265 693
71 313
1239 412
688 137
1201 338
773 639
184 478
386 93
905 538
795 323
381 694
240 598
353 427
1237 28
857 47
1017 650
49 3
113 102
220 157
382 247
250 243
534 561
49 15
759 60
392 254
44 70
626 622
391 336
721 231
512 499
306 433
314 357
539 382
260 209
397 504
562 517
1153 532
707 658
5 41
1249 23
601 660
236 9
164 285
164 376
398 551
479 197
1195 491
843 467
1265 556
1019 163
502 624
6 149
330 479
281 500
1059 697
728 89
1010 618
1188 440
149 531
479 98
953 38
111 672
429 49
432 185
138 434
333 278
142 410
107 395
582 331
699 620
109 295
592 293
72 537
1278 659
671 243
852 347
82 35
1208 444
112 566
633 670
693 484
1085 518
749 372
1195 36
206 432
46 163
635 628
125 321
806 394
27 383
323 369
894 92
306 296
1159 25
693 609
340 603
215 118
462 507
833 601
92 168
1240 151
342 378
656 505
1267 244
504 422
699 487
1042 463
1181 72
24 632
557 105
1269 490
500 271
474 365
1029 54
541 237
618 160
1085 603
1049 323
1279 522
842 263
617 530
854 499
685 431
373 42
140 634
644 282
588 448
793 279
879 325
1117 573
1013 147
848 457
225 285
184 261
1247 592
1111 157
1163 662
1205 617
1127 577
236 323
67 512
1057 627
1255 283
539 363
1085 523
218 5
150 596
1218 387
692 466
601 195
1229 299
1170 444
457 632
545 392
781 83
490 411
415 271
1044 598
610 360
1283 600
72 584
1046 39
710 369
210 38
362 53
1093 201
579 129
510 247
599 637
40 617
494 463
513 683
603 218
845 418
287 464
1138 83
127 220
680 160
448 607
583 93
1198 323
26 54
256 632
712 236
882 167
951 70
1003 495
56 100
93 255
365 275
1223 678
184 495
1088 438
1229 272
866 76
717 338
409 122
291 647
364 106
736 153
781 628
897 314
669 636
1024 246
428 669
901 87
494 505
388 215
159 609
280 435
125 374
899 621
1052 513
51 326
229 151
979 180
610 90
409 182
154 699
434 3
399 66
764 318
543 282
195 297
569 539
486 216
771 4
1173 232
1030 529
1066 74
426 617
42 592
693 617
796 694
633 82
333 38
34 447
201 330
824 398
331 49
711 499
141 286
1010 39
186 603
1063 445
47 694
668 697
1004 218
1234 436
287 4
627 547
1201 200
440 57
1277 502
949 608
890 413
349 438
427 543
430 10
441 565
1298 649
267 671
1286 534
324 534
327 201
165 613
713 385
1087 186
380 488
497 587
862 281
1012 414
96 695
68 624
310 353
1003 206
1155 256
439 435
1278 447
88 634
263 227
704 232
212 378
530 95
621 1
418 531
995 113
439 653
1067 539
1132 162
50 25
43 233
422 22
167 111
22 191
606 301
1002 287
871 361
575 184
944 652
189 689
1255 231
346 612
527 637
1024 435
212 30
285 230
115 624
288 258
723 324
1094 545
549 88
272 600
1233 287
30 224
544 315
194 129
131 26
527 164
1186 657
597 449
1197 357
276 212
626 310
188 588
1289 174
1234 566
1059 417
1011 648
1081 223
468 505
1159 247
1022 366
56 335
1036 550
759 396
1118 21
465 193
1135 522
982 56
669 605
190 578
639 112
267 163
615 2
366 362
663 284
785 14
1087 321
1166 170
309 256
877 278
105 120
203 584
1041 386
882 330
114 487
774 627
997 344
851 159
615 229
156 60
1295 131
699 185
948 381
1217 517
368 584
100 188
1141 194
592 331
331 691
38 49
1288 687
509 383
899 615
1149 454
726 38
1114 473
902 137
817 440
795 359
1125 235
245 102
1285 257
864 640
500 529
452 155
1285 45
425 456
955 280
223 513
368 110
156 104
931 185
259 662
657 618
1230 80
241 685
198 409
538 297
845 444
543 486
1162 494
347 374
366 544
221 676
1238 560
1046 681
628 587
1042 45
189 477
652 4
696 473
203 187
997 634
923 612
295 6
866 82
282 332
695 52
427 205
324 41
301 173
968 395
515 272
674 368
920 55
689 113
1239 306
173 673
212 280
186 295
438 363
274 29
320 556
940 311
2 699
273 471
791 150
690 648
10 440
602 118
1132 666
588 97
697 644
310 646
324 9
311 130
44 687
658 203
94 32
909 298
716 78
71 377
305 283
332 467
1027 202
644 613
555 554
259 274
1141 474
105 278
938 286
1197 555
427 122
1280 389
726 330
958 383
81 368
417 388
324 163
687 89
807 574
716 572
490 95
1120 386
726 71
923 668
982 636
21 586
719 509
966 196
809 51
344 324
351 78
604 668
240 363
279 26
1185 633
371 330
487 676
1276 323
1038 16
660 240
45 178
1035 475
1008 395
780 30
1186 279
1269 576
795 391
57 660
14 116
1003 422
496 556
1034 578
843 114
270 315
1068 507
935 554
365 222
627 581
1091 370
289 696
1181 390
486 495
82 408
924 556
459 456
872 465
415 500
1201 182
803 258
125 34
1089 191
738 318
855 404
499 467
906 509
49 174
522 131
1110 234
669 466
58 672
915 86
965 518
34 200
1028 13
831 479
1158 11
517 257
593 162
337 190
2 573
298 70
631 607
819 229
735 299
1115 133
1081 101
562 341
1002 336
550 304
383 407
939 353
288 589
998 493
925 12
873 510
124 180
764 325
248 132
613 597
301 237
950 78
765 108
157 470
657 672
943 589
1291 353
478 617
789 333
235 553
664 468
446 458
1213 10
221 593
911 549
403 415
455 137
1024 543
929 197
421 413
196 556
440 604
928 302
151 517
36 321
406 667
758 450
462 408
485 40
519 548
545 476
1180 197
1143 507
1091 206
587 238
1227 142
430 354
267 36
663 294
1050 343
422 408
1225 156
207 295
506 32
903 206
771 97
248 449
751 32
1126 600
498 222
2 432
149 575
229 652
885 435
1125 562
147 320
384 234
1030 284
1193 47
435 244
68 675
207 89
353 225
1243 361
613 94
450 596
540 461
355 131
309 13
751 686
649 166
38 85
1244 318
43 332
932 378
290 423
948 2
390 556
677 392
581 44
309 596
504 114
162 91
421 119
174 403
811 302
906 38
127 88
986 285
218 261
97 250
474 102
829 99
582 659
729 656
691 156
27 620
329 42
1204 235
173 71
748 267
860 658
346 87
233 664
490 210
1073 440
1216 646
651 19
1052 24
760 479
10 66
345 141
340 432
581 39
854 246
173 678
941 76
352 337
406 366
879 662
1289 31
629 229
114 415
179 8
1225 339
1211 593
998 169
161 506
293 699
730 481
813 467
803 157
302 563
994 187
205 94
1202 528
1162 559
460 645
950 28
477 696
239 606
651 324
284 413
348 599
34 245
186 460
832 537
905 177
99 468
489 330
262 87
867 514
572 233
568 172
917 174
147 36
1264 38
231 321
707 241
263 368
719 303
384 580
848 39
180 307
266 309
213 449
244 674
677 152
1063 207
638 319
624 631
1093 494
900 107
480 559
883 79
158 71
825 456
370 21
992 165
927 332
1276 584
1029 332
1015 116
404 106
901 41
298 663
928 293
589 411
235 292
760 76
559 97
233 535
1042 244
477 436
193 615
864 326
1155 329
451 10
407 57
413 554
500 297
598 265
842 604
1051 287
169 631
299 306
1102 250
242 76
1138 293
858 519
1163 4
981 435
603 677
1269 60
837 454
787 589
734 423
570 359
1232 218
1183 203
60 17
1162 637
703 346
770 482
212 653
45 666
563 443
168 574
459 435
297 400
297 29
787 22
1297 587
421 582
154 548
196 24
404 469
810 222
307 367
694 519
897 148
210 480
864 236
119 612
73 433
198 220
117 406
247 125
702 495
811 3
592 8
1226 504
929 286
1053 460
658 119
278 660
564 368
797 379
1183 416
612 578
917 291
397 481
1259 602
909 685
463 640
223 622
611 518
1086 302
689 473
75 623
725 649
70 554
443 149
254 543
154 261
224 177
638 210
1168 38
161 325
348 145
1168 322
1271 519
108 264
1119 401
811 109
979 329
1134 383
128 628
335 510
19 100
414 312
753 390
1045 501
454 312
1201 38
709 326
371 185
407 324
918 148
23 343
509 235
25 45
644 426
519 105
360 693
604 151
955 57
1140 115
780 187
406 84
488 508
419 145
716 514
1074 194
987 128
41 388
1211 327
703 62
1074 96
435 629
736 495
415 164
694 168
1088 257
289 409
1152 627
1135 95
834 178
98 444
498 30
265 280
1090 463
1061 182
182 518
712 459
967 464
398 538
607 413
772 371
302 271
856 121
982 119
883 97
770 252
807 477
738 556
1292 162
74 672
1176 335
423 112
190 648
1047 688
108 627
1008 352
1102 139
825 174
82 526
75 191
739 28
260 362
339 12
562 60
1029 260
388 519
1251 581
279 574
867 127
264 373
568 580
853 196
418 14
1260 69
1162 643
58 680
104 578
1165 90
121 6
929 319
195 550
495 290
792 651
16 609
618 308
69 196
797 149
805 138
318 698
1119 450
207 624
728 493
123 446
265 265
371 569
681 493
1206 452
1192 401
360 451
260 253
13 262
1044 521
1038 497
793 256
216 202
525 668
473 294
770 597
1015 133
1268 16
922 472
1115 76
620 195
125 149
944 66
27 36
18 135
249 413
1299 698
1247 263
223 654
158 54
928 503
584 670
1150 601
286 38
992 358
307 384
580 397
531 226
1258 559
1275 346
123 92
647 151
276 206
543 72
263 451
1026 269
87 497
249 282
596 85
76 541
650 118
236 283
317 237
1151 576
976 431
155 493
878 605
799 82
374 101
815 347
428 538
62 51
12 689
916 610
1258 185
167 259
951 454
1279 464
664 41
1 201
97 127
730 410
897 576
649 201
1138 245
1030 177
152 662
1263 335
951 507
1241 280
943 117
889 467
318 361
458 497
837 385
771 53
253 516
313 371
216 635
593 385
619 384
133 606
167 130
656 248
238 439
1082 626
1236 119
1195 680
1294 646
1080 381
763 404
767 525
88 430
135 284
72 697
219 360
917 425
90 199
1264 515
1099 282
469 554
199 485
985 590
979 654
1236 654
246 367
940 408
191 312
5 104
958 688
1253 293
962 566
565 161
990 342
135 378
835 434
651 568
619 296
703 401
63 637
1215 76
1093 40
195 381
413 138
199 609
274 403
845 59
204 299
1254 508
53 441
6 587
936 319
854 658
757 604
1052 376
873 53
117 379
599 208
1241 77
967 375
229 72
712 42
506 166
1025 500
1155 137
311 567
625 46
1039 162
78 394
717 196
1051 169
329 431
149 74
26 307
1147 519
634 545
598 555
772 388
379 282
1250 254
607 687
1280 197
496 402
861 240
918 554
754 114
1149 635
1154 694
1012 593
257 306
1066 8
421 245
946 659
973 187
208 630
283 42
927 165
374 189
962 221
1274 532
33 313
1287 620
475 308
77 181
787 213
641 666
203 315
887 145
860 624
382 439
1031 422
424 9
588 13
203 362
1062 385
220 115
363 515
740 424
874 195
982 169
980 296
530 3
847 568
273 335
903 555
1256 578
388 35
59 604
1220 264
445 480
961 539
140 404
917 508
1078 255
305 483
1202 171
527 379
1287 345
1194 191
1216 636
1038 9
429 42
1015 519
471 475
644 448
157 624
1102 269
105 300
1034 627
1289 411
62 114
1124 18
397 464
645 207
384 187
1229 68
13 324
120 57
438 385
856 303
1231 490
28 315
34 258
1200 453
613 553
92 118
407 188
701 687
1148 121
483 192
323 504
75 268
560 469
93 422
799 194
899 125
894 663
648 381
1206 401
208 394
1122 639
161 524
374 664
641 444
430 269
386 507
237 267
346 397
1183 612
268 646
936 293
1046 316
1126 633
358 663
1015 104
788 313
747 513
1144 233
142 312
801 315
897 167
148 558
835 340
822 677
421 42
313 380
391 506
484 540
174 530
929 618
566 47
153 2
410 631
159 697
610 112
805 8
785 424
10 46
113 132
205 681
1265 699
568 291
1172 499
1180 484
1201 261
167 299
865 244
497 495
744 156
700 695
635 385
764 513
755 697
1210 524
487 417
178 30
947 441
713 483
1182 66
515 453
824 627
928 389
357 120
606 633
1081 242
1177 458
244 438
961 230
1237 512
460 165
811 72
934 644
1058 644
1084 123
636 42
617 285
1024 208
1011 672
357 607
973 665
322 388
1174 259
1124 24
422 488
1218 691
349 256
309 333
571 46
1009 152
260 401
1043 209
436 195
735 595
121 681
1204 328
666 546
644 376
1019 306
1158 404
42 6
943 447
862 553
463 366
842 257
97 313
704 296
978 669
558 286
2 624
554 632
674 657
1000 136
538 522
736 174
602 409
238 109
601 0
175 80
756 128
1024 592
2 426
178 329
7 378
1137 271
374 413
788 630
1296 323
975 381
1192 643
1264 569
744 602
609 167
429 622
436 553
858 386
17 554
435 190
614 404
1168 144
900 524
40 567
285 65
82 115
1094 235
919 102
796 515
51 228
231 393
354 194
379 119
498 392
112 71
426 360
12 514
411 504
742 385
357 209
1231 264
182 81
189 488
762 552
405 222
440 29
481 170
889 590
426 497
748 250
860 208
829 541
541 399
974 492
299 491
252 673
52 484
566 182
896 449
727 223
886 214
423 36
883 595
454 653
853 634
803 512
852 294
800 187
1114 165
174 482
1140 502
518 536
320 394
953 360
542 630
594 300
431 62
5 605
1081 345
351 24
685 696
774 292
1276 421
420 557
1232 549
1103 436
113 117
924 592
161 635
1031 165
1297 396
1266 224
1133 582
282 271
380 575
457 346
550 105
1114 201
653 450
1264 267
1131 185
954 495
642 396
721 394
322 68
630 333
1053 359
1133 175
330 80
614 141
669 474
1271 372
1242 579
799 640
642 514
720 663
817 665
210 240
545 55
725 275
142 613
1111 176
408 699
1087 224
848 7
1040 677
595 195
1283 474
758 95
469 272
432 121
1157 397
152 617
909 402
7 73
726 396
290 598
313 267
364 232
110 141
1289 217
491 635
689 64
949 345
77 283
1274 549
979 495
754 272
809 461
368 621
1191 75
756 669
158 432
257 694
382 340
528 22
98 462
758 421
1250 229
460 538
442 267
1252 573
624 53
859 346
709 232
301 673
554 292
225 29
59 194
883 84
793 421
593 106
673 143
1103 144
754 638
1210 158
1218 439
1051 684
789 642
155 405
961 116
1100 351
0 233
54 637
226 379
272 66
397 157
303 508
439 582
23 350
1031 189
15 238
654 589
624 500
317 494
487 87
143 252
413 16
1002 660
271 486
588 368
453 123
1164 30
775 502
460 209
1297 369
15 298
1009 511
419 574
254 286
111 243
1042 54
429 239
92 177
1287 19
162 50
530 661
571 134
865 524
1271 260
697 524
662 435
689 278
1074 115
436 319
1019 47
1204 140
446 417
846 595
880 551
211 616
616 150
784 76
1221 479
803 364
394 108
442 421
79 572
148 478
339 236
1253 422
1128 257
1136 648
130 505
568 269
112 300
81 277
708 507
307 518
1177 83
470 306
874 268
458 151
842 360
347 469
487 237
532 202
455 376
288 194
155 90
303 179
121 469
829 244
660 400
1130 115
828 492
71 149
730 168
85 339
244 187
966 578
815 521
223 17
1144 387
365 488
221 391
966 612
781 330
501 485
530 122
287 555
664 309
61 25
601 698
287 207
712 147
1231 543
535 318
104 46
1155 287
426 691
594 592
1083 95
1289 679
198 423
335 546
1079 146
1006 69
189 282
289 481
521 510
114 594
439 469
675 582
669 629
374 543
919 453
188 361
1027 488
1052 252
1186 420
479 377
1109 370
675 687
1269 429
378 151
419 206
325 72
704 216
900 463
439 202
245 110
409 408
277 61
773 682
425 353
1082 130
61 380
497 670
227 627
281 452
553 566
111 579
70 477
1111 96
1020 86
143 576
178 240
317 573
1123 580
375 79
794 45
713 179
902 607
302 60
656 517
1230 387
185 692
785 255
318 621
839 591
1090 14
377 164
1118 156
421 424
203 257
852 356
1026 429
732 691
630 349
690 316
287 624
1148 322
323 417
119 328
1040 619
673 573
520 78
218 49
489 427
966 551
317 505
1026 70
17 10
868 461
708 564
292 197
801 655
746 501
815 645
266 198
688 28
949 97
606 239
150 511
346 220
884 30
884 500
196 451
1219 424
986 318
453 318
341 224
39 194
610 276
246 379
215 528
672 211
552 593
98 178
802 381
577 210
3 309
530 459
835 402
774 93
857 137
790 404
71 366
1173 252
522 90
389 15
274 574
629 692
1151 674
789 192
23 10
846 308
1071 585
791 132
995 415
1254 122
1178 22
981 207
1017 642
470 574
838 141
789 521
648 338
802 535
417 150
542 491
103 672
963 648
1179 395
77 595
1169 212
1227 423
245 196
86 324
1190 134
1032 673
775 164
1144 695
51 269
612 44
469 544
1218 460
7 191
861 436
486 457
385 537
264 561
856 556
51 317
1247 238
1088 552
497 232
392 612
562 92
823 75
256 158
455 188
1064 194
764 374
964 344
255 573
1289 604
846 326
624 594
888 103
708 531
1015 309
725 624
767 468
341 182
180 665
227 499
324 614
398 236
1226 34
37 157
954 294
439 214
1012 7
154 11
743 94
961 98
1299 43
590 57
777 696
894 547
598 332
1181 53
259 347
618 693
677 91
455 547
674 357
756 185
213 90
916 584
980 394
80 513
242 623
617 102
1027 366
1099 241
1247 468
800 127
1051 587
524 543
483 570
308 657
582 433
592 541
21 130
1152 76
3 461
147 168
1258 298
416 293
395 362
1117 286
398 353
753 150
777 54
426 401
788 158
615 387
1101 55
1212 554
1180 289
232 524
230 577
886 93
1085 350
593 148
921 1
39 649
91 544
138 341
867 428
1257 529
898 323
841 89
569 470
765 608
593 306
480 71
320 30
1073 392
1215 234
361 23
508 10
465 227
248 476
1204 622
872 312
203 426
682 235
720 188
600 589
1163 159
1106 305
1046 202
346 97
1299 340
961 367
741 311
960 53
208 387
585 572
708 171
642 606
925 427
1156 69
230 695
1198 651
634 684
1221 344
193 583
356 586
158 197
188 516
975 555
337 463
451 234
1101 502
1137 47
1138 374
674 74
960 679
1143 162
648 130
1195 1
340 656
530 39
1017 21
597 177
1179 279
1118 252
423 337
490 599
222 192
829 291
531 471
760 269
1079 630
508 270
174 22
334 672
1001 302
428 610
610 304
21 402
1187 260
680 360
191 563
933 312
144 689
37 575
311 234
111 50
1055 392
1079 415
738 240
416 283
270 152
436 529
992 662
146 642
703 483
469 469
1121 248
366 128
290 610
1079 688
372 444
396 22
913 391
970 616
114 506
455 249
1251 427
186 4
833 159
1282 366
806 210
79 401
71 652
204 307
646 653
696 679
711 292
185 92
414 225
1012 424
1076 616
9 9
83 588
465 92
87 286
26 249
419 275
1166 125
802 550
144 375
332 376
942 82
359 641
438 328
524 679
1121 526
842 271
172 653
86 574
897 100
1221 382
1135 591
162 354
93 210
204 456
1 8
501 320
1239 661
969 26
1216 341
196 309
1033 226
761 231
512 258
603 504
52 529
948 579
354 492
543 174
732 467
115 474
862 225
1235 332
907 501
243 249
1264 129
811 313
570 548
673 672
130 458
655 342
149 276
429 580
617 357
730 667
720 519
634 279
398 322
1291 168
313 272
9 457
457 292
99 614
389 233
406 541
446 44
276 121
866 599
844 156
1022 42
1298 673
766 388
234 403
722 590
479 256
952 334
1077 202
114 633
1004 27
170 147
684 602
1200 499
457 529
480 594
723 350
389 646
484 102
23 299
727 568
778 652
651 412
1267 314
922 275
320 304
120 427
671 319
1 119
559 15
538 166
1112 214
1096 319
1231 479
877 231
781 214
61 551
1000 552
1229 519
854 331
496 13
198 101
774 591
680 101
1208 586
1178 406
284 523
295 446
1139 359
1293 381
98 401
951 142
766 258
391 676
1095 464
700 22
458 476
1154 30
1110 271
308 310
404 28
920 675
1272 255
476 227
1234 152
832 42
580 608
234 194
944 510
324 490
261 10
100 369
441 571
614 289
615 509
219 420
903 348
671 454
122 646
1002 200
93 326
394 429
566 247
1061 426
327 167
379 435
175 323
14 587
1012 253
365 403
193 48
547 125
202 574
501 684
670 124
588 654
639 121
887 421
857 260
1104 92
737 473
893 422
456 70
822 589
277 566
504 679
513 252
364 78
1148 362
166 124
155 352
1264 388
977 615
435 254
489 527
1291 671
851 177
877 620
1038 306
1160 336
605 245
538 376
482 382
924 563
1147 98
1073 58
578 530
155 247
773 403
1251 51
509 240
529 567
746 562
683 623
585 357
780 480
1244 18
967 212
774 19
410 273
817 418
106 321
531 488
42 699
940 596
191 218
1287 131
579 70
1060 96
1008 79
1042 492
787 4
1123 445
12 489
225 459
685 633
938 648
145 395
170 253
64 63
1219 297
353 8
1034 319
1035 92
126 399
851 561
110 477
439 594
1197 443
804 308
173 466
821 549
1048 328
337 469
242 155
706 13
65 275
399 150
525 199
679 76
510 224
1177 110
833 303
53 664
528 67
610 589
1116 83
1067 565
982 82
613 31
1191 537
37 74
651 518
983 340
952 150
645 462
394 683
86 234
1120 198
1046 299
593 568
912 666
217 317
985 175
998 547
195 113
831 554
1293 16
290 400
1044 506
1031 327
1237 111
1057 526
812 586
632 551
1281 573
881 20
1050 151
662 680
935 693
1204 55
72 571
709 254
372 592
48 130
1058 374
219 135
1149 557
702 93
1141 6
666 76
668 445
1274 399
171 420
629 344
586 559
693 211
1257 667
1007 587
849 207
1022 395
249 488
107 342
1257 412
698 12
1253 34
169 201
46 325
1260 442
473 334
1257 225
450 341
1045 113
469 382
4 675
943 227
1188 349
1009 59
188 623
705 87
57 465
929 209
295 342
708 92
1270 352
847 244
105 202
533 299
110 367
482 219
82 101
840 25
503 181
34 455
216 369
1062 275
1063 83
1124 588
1213 207
369 176
1290 124
1226 482
1191 215
1093 569
1168 561
1208 509
324 319
658 385
852 95
1155 89
975 293