3000 50 80
143 400
864 639
698 620
194 291
448 556
1215 279
431 459
1228 226
859 549
338 259
397 252
33 351
857 153
1275 680
629 654
169 249
825 321
1292 278
191 693
1100 542
245 640
76 371
804 81
237 304
1099 649
1230 383
433 307
764 548
794 425
901 2
769 584
1275 687
1167 275
1205 426
1052 242
1052 389
17 616
37 157
942 143
92 199
775 19
323 577
1121 567
37 67
1268 499
1184 187
210 317
1237 526
1063 560
991 426
284 499
616 416
651 517
1275 493
956 19
1156 502
210 586
597 80
506 316
529 13
101 401
835 656
246 82
800 395
100 69
833 67
81 514
1022 559
489 318
626 284
344 545
1163 674
785 610
957 489
786 3
109 25
927 8
641 94
623 146
164 111
2 658
604 158
1185 551
22 269
1074 268
198 612
1207 270
620 98
131 127
290 679
176 325
590 16
113 384
436 527
826 27
874 209
529 592
545 513
773 686
1235 552
460 571
715 89
321 590
848 227
148 410
211 655
1024 179
452 548
97 663
683 422
602 360
965 157
18 124
1027 53
273 395
623 325
1028 569
616 251
521 604
1083 15
316 696
1148 670
226 330
810 658
912 155
1288 366
911 697
72 623
130 409
499 22
263 127
236 445
1127 602
1215 507
794 286
566 320
752 167
703 194
434 507
3 513
1078 198
97 9
933 177
904 521
197 475
508 594
262 91
730 131
881 610
1102 51
461 64
888 671
172 235
1195 187
369 561
303 574
18 157
1189 463
363 466
618 83
444 277
363 334
616 401
1038 266
640 163
1094 169
1129 432
783 549
1024 540
686 331
623 611
648 390
346 535
472 434
293 692
61 437
612 422
812 53
398 671
58 532
20 114
1043 506
1216 353
828 220
667 46
454 113
1138 150
913 456
728 207
839 460
1046 182
287 63
371 496
581 28
871 601
931 424
533 381
111 14
310 664
169 688
697 580
934 284
781 224
403 423
703 238
312 524
61 287
152 143
772 669
36 377
940 495
191 147
849 679
24 63
867 115
1134 31
613 513
1279 208
172 368
967 606
508 29
1092 459
194 608
1067 609
301 151
373 373
301 11
823 10
628 601
943 27
817 539
833 300
499 225
1192 102
1003 360
806 260
322 258
714 281
370 277
810 666
415 217
1050 638
1153 531
501 119
66 170
349 38
316 691
341 610
345 563
271 327
683 16
96 421
376 543
38 254
824 46
309 28
439 66
566 399
718 477
1003 198
221 291
525 207
804 409
616 67
707 671
498 416
657 164
119 118
1125 586
922 621
562 268
679 557
728 103
99 223
254 604
1131 309
307 359
561 636
1285 339
898 499
1226 259
1026 298
1212 91
1191 680
1002 692
786 631
418 516
138 606
727 514
683 9
1243 568
765 622
888 387
566 148
1106 564
716 113
653 178
507 208
105 67
86 690
1231 259
889 541
479 256
888 337
925 419
152 340
719 185
596 565
433 18
923 361
384 670
137 568
493 668
290 271
1066 262
627 660
959 370
955 644
342 245
758 170
1205 491
412 601
733 153
369 418
350 682
53 364
1187 267
617 35
474 332
34 382
1194 636
386 226
400 639
287 129
946 412
900 155
901 465
431 286
482 274
1109 77
413 4
968 13
1067 237
83 341
791 654
1268 487
424 171
104 599
610 7
32 595
42 464
569 329
245 388
813 561
229 241
1289 163
482 409
482 116
1171 462
251 388
1055 528
258 243
929 162
1187 5
1117 40
102 333
472 459
157 74
885 57
694 401
718 652
250 242
1189 131
591 393
306 349
799 287
861 183
1031 15
1017 46
164 630
78 23
1028 187
191 259
1009 5
53 194
333 634
913 136
1210 443
1264 529
731 25
1258 464
1003 467
425 366
422 9
66 45
749 655
32 639
752 130
30 295
759 261
94 284
822 463
925 450
788 58
1218 148
1064 74
374 310
97 688
588 581
609 401
1063 197
991 341
742 518
232 600
772 284
898 532
790 218
18 229
698 282
1003 618
714 165
1280 389
858 673
1177 425
48 560
62 30
236 561
200 190
181 86
938 661
150 320
481 268
1251 183
159 404
341 114
370 412
1261 101
374 392
477 54
343 109
189 626
1222 546
637 182
679 333
885 20
829 59
1087 236
1235 538
767 15
157 542
549 120
916 242
485 163
1208 143
933 584
374 461
51 30
998 188
281 392
1041 14
173 49
869 222
1279 384
1054 684
472 184
1209 460
617 49
310 353
1184 276
747 610
7 278
1074 336
114 590
667 217
558 272
524 456
835 525
895 550
65 3
162 467
110 495
1020 590
787 552
1175 402
1270 385
1250 25
44 438
820 296
257 505
1216 469
158 492
671 15
1036 316
296 136
709 302
387 323
1211 573
599 270
606 291
635 72
369 131
615 276
787 502
1157 189
220 430
588 267
808 487
1248 323
592 686
1104 644
691 507
509 379
624 474
1109 190
203 52
368 291
1107 625
793 176
1002 36
828 446
1299 498
688 357
147 4
985 111
1139 290
783 53
87 198
726 609
1086 299
43 54
237 474
1066 667
11 305
936 432
233 675
339 634
694 192
581 499
898 363
189 102
512 373
1065 693
688 235
771 637
174 693
138 532
1255 670
919 658
1291 460
353 259
946 11
661 428
429 416
812 365
526 516
1094 482
501 659
1052 27
767 43
827 250
1031 508
13 48
274 189
529 35
138 557
158 101
999 248
608 596
503 504
437 500
15 115
881 191
264 336
970 70
640 61
691 523
945 317
149 93
743 639
682 398
263 637
1080 281
519 666
33 505
729 566
547 192
879 106
1185 219
773 536
830 532
1012 483
977 248
383 564
478 445
299 532
913 503
596 608
415 40
835 267
933 170
1184 20
715 694
1215 224
223 61
1231 602
807 644
635 694
737 519
265 622
930 616
527 334
1073 694
382 414
687 213
358 149
64 433
1226 274
1012 401
565 426
173 164
1211 667
624 4
828 416
444 149
159 124
417 428
225 89
1245 632
63 374
1232 490
728 350
1117 307
225 286
485 134
935 67
867 207
1241 201
783 155
967 482
1269 42
299 87
616 299
993 604
1178 82
849 115
670 294
747 352
940 671
1272 446
852 468
776 636
376 501
683 586
384 273
52 427
887 167
866 195
972 265
809 482
42 30
245 328
1029 607
586 456
1221 90
471 628
631 144
1243 207
449 98
1111 120
333 9
27 523
1060 158
192 171
337 171
1236 24
1266 564
985 429
263 481
1251 681
881 157
25 183
120 0
618 222
376 293
851 363
600 412
631 561
1222 677
1164 41
476 472
787 480
1200 675
740 351
1046 23
755 30
768 465
1100 625
346 645
1027 487
1097 516
978 640
191 633
1065 387
79 175
205 645
635 92
525 369
664 612
10 143
268 382
171 556
697 309
869 676
154 463
554 492
499 480
40 690
755 236
273 79
803 611
745 651
1269 114
459 397
635 106
741 176
675 77
970 587
1186 337
900 674
582 317
1139 53
479 99
656 190
4 199
924 95
950 649
275 462
773 336
832 152
93 408
1024 196
985 363
659 564
753 60
433 50
321 202
123 46
864 566
160 603
1159 146
146 227
481 451
69 191
662 483
519 252
781 144
944 129
659 138
904 75
838 97
909 544
448 175
992 336
209 117
1213 302
1243 186
1256 130
958 610
262 569
74 533
109 223
772 119
669 600
1201 561
317 360
1155 673
1214 138
400 332
305 309
82 202
1206 178
157 282
57 253
49 66
439 569
731 539
1228 576
176 555
924 590
157 649
1201 657
707 148
608 77
456 562
783 194
227 486
826 361
570 34
35 576
1153 654
745 68
711 102
137 658
373 605
517 514
704 644
1128 136
1283 3
700 594
849 523
160 291
152 314
470 225
601 614
142 361
582 460
59 699
595 521
695 344
540 473
65 297
103 578
495 361
643 193
691 43
235 398
156 447
711 320
594 183
986 448
1189 591
22 487
266 286
263 556
1131 273
1234 366
191 91
508 99
951 182
769 567
410 31
194 644
964 560
866 687
937 528
137 228
4 477
1038 151
380 644
698 182
372 667
365 37
643 678
371 528
794 223
1216 292
654 529
1036 468
823 342
661 649
198 454
778 664
554 8
871 51
760 148
535 424
946 457
612 98
63 669
1133 625
10 129
777 343
145 190
1067 641
156 384
763 278
1245 127
1190 114
1153 319
548 144
1280 261
1012 559
544 331
1194 352
1234 358
658 518
684 109
409 209
10 171
308 486
1073 49
499 319
813 153
801 24
117 155
34 150
52 608
347 228
638 264
460 250
945 326
1029 583
535 666
754 523
470 166
832 38
278 620
1089 522
863 601
606 197
308 128
562 131
431 249
406 493
287 299
543 41
147 245
541 236
1274 507
1278 675
221 403
1139 597
26 379
1193 378
920 426
937 106
819 451
493 45
874 153
645 563
1296 221
922 571
574 520
1037 551
1203 322
643 662
370 270
485 279
705 490
534 697
1294 539
246 481
918 497
531 523
296 573
1079 142
702 313
782 22
1000 594
87 515
605 565
1030 45
679 36
541 538
674 447
137 485
454 458
121 674
674 344
383 234
394 492
897 246
670 558
1161 494
709 400
150 684
1109 466
1134 433
883 275
323 430
395 41
270 350
1031 614
583 633
917 561
456 243
391 621
1025 124
1138 16
515 679
724 167
835 161
657 234
716 17
816 49
30 358
488 30
662 478
397 444
1248 381
735 415
199 98
439 35
488 568
632 14
217 259
357 401
931 321
1025 503
411 314
839 394
406 637
908 373
949 666
1002 498
1036 477
738 327
240 603
939 92
314 242
479 487
429 687
196 238
884 495
341 149
285 494
655 497
67 9
1118 646
1250 609
573 659
639 13
323 340
986 388
693 158
563 651
420 67
1174 8
937 161
729 360
436 138
958 573
1208 19
581 535
720 682
166 654
23 189
425 132
84 211
534 408
1176 336
307 267
34 449
1163 437
611 303
50 256
1211 594
55 63
1066 363
365 564
509 115
1012 41
1062 275
1178 185
852 86
686 100
1 102
1200 377
574 621
556 301
751 256
1018 332
466 634
830 137
656 308
171 641
830 92
413 391
285 433
187 41
684 510
722 501
102 169
708 504
619 129
1 383
371 6
200 48
1012 172
999 90
819 358
1211 66
1150 402
79 641
839 23
227 77
1030 37
1200 90
1175 639
449 404
461 135
1212 684
1268 172
514 637
67 109
590 656
1020 553
676 118
164 501
861 6
313 161
750 64
274 236
1077 589
26 84
1081 481
1031 64
30 159
756 651
855 133
1256 440
13 328
135 212
1122 2
586 275
342 445
1217 694
1085 642
681 640
46 132
111 653
464 454
348 338
290 7
797 194
935 216
1003 115
1057 35
710 138
784 39
301 491
317 208
1194 545
589 137
776 410
1115 344
901 653
720 7
103 113
1285 610
284 162
1138 549
167 434
496 108
296 396
688 468
1268 158
1015 299
217 440
1095 611
509 418
998 329
429 401
243 593
848 221
713 369
1224 207
418 361
1286 94
878 654
868 32
427 424
144 221
811 4
1066 153
73 427
790 487
618 323
526 316
1219 580
1150 514
374 418
637 236
360 675
1067 549
1186 579
1071 381
1151 422
48 478
540 209
963 425
391 16
1249 213
113 339
436 191
1287 89
848 185
42 291
197 514
212 682
1022 94
1004 301
403 394
116 100
793 667
661 114
1081 31
1003 222
438 654
341 455
860 273
1023 12
979 554
163 461
690 16
922 130
413 136
722 301
543 221
1052 90
1141 656
768 67
529 312
926 338
575 418
631 393
524 346
598 168
1260 186
568 85
1242 100
201 450
237 567
368 636
401 536
1088 599
1171 603
321 649
645 22
1284 518
1112 340
677 552
875 490
212 612
512 383
1179 288
350 168
634 682
412 111
1169 339
469 567
133 594
26 169
1156 141
554 16
756 398
459 0
1127 455
209 578
454 669
1000 291
664 202
579 623
555 540
911 280
725 57
352 26
1041 625
495 696
745 98
276 442
369 673
1196 254
91 291
232 47
576 569
783 418
340 622
272 17
934 576
1020 407
510 467
570 601
1057 171
115 378
1015 651
1074 473
1046 390
673 112
349 280
255 20
847 81
1100 440
93 684
630 231
810 632
724 225
51 674
795 587
329 479
633 199
719 214
910 556
1206 304
821 224
653 355
139 269
1228 610
1005 90
504 471
984 646
1148 655
990 663
646 474
660 239
665 285
625 289
166 51
758 277
525 478
560 689
257 56
489 87
51 237
1241 255
83 556
1251 406
69 560
1153 59
814 126
322 98
367 146
519 1
338 385
747 249
749 108
679 429
1156 45
298 549
459 299
747 539
897 461
94 542
902 577
558 105
840 164
1026 279
107 414
985 504
822 563
201 692
1022 250
1126 195
305 531
1126 355
1205 372
272 317
501 679
797 2
220 167
1215 552
1152 270
980 142
1146 619
598 159
824 441
1283 359
10 450
1077 207
449 42
461 462
691 556
370 450
1176 46
566 101
1211 361
1108 125
465 612
764 113
247 447
415 570
158 416
1014 645
334 140
1138 326
1284 530
23 275
615 133
1174 191
302 128
1278 222
1031 411
176 320
573 429
478 297
1280 597
623 695
1124 572
119 628
1025 595
264 509
1056 3
431 227
1272 279
891 689
662 109
967 146
110 345
133 188
1277 335
696 91
375 359
444 487
1172 504
289 211
32 611
1003 453
1067 113
608 146
620 212
1257 583
1229 495
811 160
52 261
747 73
176 680
1273 355
1092 236
512 225
1277 131
175 298
880 641
840 381
1131 207
796 254
595 59
1215 488
852 211
1011 219
800 523
469 303
734 334
750 414
335 597
201 500
84 146
1049 291
123 169
668 565
677 647
708 599
311 606
406 406
1194 85
7 23
400 557
1169 62
843 148
569 438
963 509
1130 327
854 601
549 699
79 505
715 555
1154 439
235 297
698 262
1001 537
263 247
910 144
357 312
1275 157
323 120
1017 262
385 603
795 314
840 142
224 609
614 338
1219 324
485 345
994 202
505 143
1137 698
139 34
1265 237
736 490
904 133
465 284
686 596
279 35
800 452
877 342
859 515
314 475
282 51
319 662
460 79
170 445
929 263
38 354
42 284
1057 185
1224 136
625 517
107 184
765 553
265 11
442 31
663 542
1158 543
104 643
121 162
897 216
245 154
100 328
1285 40
266 678
712 202
679 544
1108 545
962 293
285 670
1071 344
855 62
825 278
907 664
252 528
624 467
147 126
338 92
876 512
1129 611
517 160
1261 302
860 699
374 640
959 449
769 308
761 204
972 616
1032 632
448 387
1100 640
971 566
213 675
550 361
536 646
288 368
1064 605
792 649
1178 134
51 280
889 174
946 162
128 191
1000 227
281 533
1077 533
171 538
304 326
613 17
542 56
118 618
799 183
642 556
428 213
1 190
714 208
975 590
1077 112
507 93
699 42
221 652
352 231
1262 628
364 177
1143 662
460 451
733 217
760 164
1024 236
870 660
376 380
761 29
19 75
146 390
1218 286
209 332
968 656
364 599
355 657
1049 675
1285 624
232 639
82 496
753 588
1036 280
854 370
135 575
547 413
237 323
932 220
1183 285
442 587
1094 100
399 132
174 170
120 241
761 370
948 466
482 388
1285 102
997 25
576 666
729 483
739 227
13 421
1153 355
224 447
1289 19
1295 86
273 549
701 459
1139 138
1166 319
290 253
1209 99
126 105
85 83
1242 165
1221 442
537 125
1091 511
291 242
385 650
1008 314
17 208
1050 286
890 364
231 34
22 53
310 90
1167 132
49 316
567 95
758 483
745 583
189 83
273 588
587 485
79 313
1195 327
398 582
449 7
8 529
803 198
1024 482
816 305
1297 508
446 28
871 430
383 430
1147 445
354 612
1230 620
62 134
584 50
1151 638
830 496
536 245
936 88
948 204
651 552
879 28
969 118
696 514
325 569
1082 10
303 259
1056 625
163 591
1201 195
719 339
801 333
7 554
617 682
412 513
175 600
440 256
431 556
21 523
1090 685
785 171
781 360
320 633
327 36
243 12
981 304
1056 542
1099 523
11 95
167 69
1267 332
27 313
1221 170
36 552
833 81
964 353
654 171
1003 332
264 163
83 381
1175 160
267 119
481 331
543 596
121 104
1239 640
421 643
167 357
471 406
989 514
1084 64
784 569
296 62
956 675
56 424
69 199
993 130
879 600
875 472
263 425
946 217
81 635
366 365
590 551
1025 638
260 379
50 381
115 75
1080 166
224 589
1210 289
860 544
1054 695
548 465
687 549
692 330
140 544
1253 352
1143 455
841 687
253 397
1051 147
598 147
968 522
1280 567
871 570
201 276
227 259
168 376
201 408
620 292
363 339
1050 227
537 74
839 235
820 72
361 113
580 46
152 576
312 2
932 625
719 109
130 581
788 380
345 175
510 646
109 364
965 24
979 232
219 351
271 35
1210 481
985 261
772 477
73 291
1198 582
1068 658
339 166
909 80
502 189
508 197
427 602
1141 170
764 603
1108 632
179 20
816 491
355 453
539 586
1157 154
759 508
813 252
573 525
728 112
742 396
1290 391
932 57
674 492
499 80
649 77
1113 380
826 547
316 225
1113 572
1173 510
1216 45
308 62
540 286
25 590
1136 143
990 327
1265 670
307 653
403 135
1004 21
1049 441
1000 95
694 233
480 576
1081 459
356 601
363 162
70 594
418 100
448 314
9 200
979 125
209 449
363 125
791 25
238 452
1116 556
54 503
491 94
476 272
1182 264
766 213
695 107
110 331
357 273
128 267
154 291
539 518
1042 342
1101 166
333 482
835 215
419 403
1027 202
533 504
1252 158
693 585
697 12
887 186
1180 691
797 126
436 363
1193 440
524 214
915 230
138 264
228 106
797 162
986 491
887 284
378 454
774 382
785 181
556 658
550 208
1134 137
822 527
625 125
606 678
1181 26
677 523
874 683
473 178
542 251
838 446
722 405
794 496
93 670
986 253
910 620
709 124
659 35
583 258
1020 654
35 600
786 29
846 641
414 419
740 565
889 663
53 436
30 563
846 333
261 430
1143 182
975 0
8 570
70 355
389 500
540 27
340 225
510 2
300 167
1233 506
50 626
1238 10
480 180
472 294
108 401
1265 214
1068 499
280 682
1189 107
628 78
72 521
1183 51
1257 69
685 623
1131 390
360 64
865 240
46 273
1252 31
1198 418
31 15
512 202
64 561
290 82
779 399
889 9
800 413
849 69
560 36
109 268
97 481
121 531
487 362
330 503
1207 70
1297 130
182 649
602 664
1142 354
39 122
153 428
1146 437
1015 418
206 46
1020 308
586 561
561 210
1111 415
24 164
528 127
1162 174
567 392
352 674
356 572
133 204
866 307
980 348
395 522
193 454
568 430
819 508
244 27
528 645
81 150
1152 490
1233 292
642 534
264 37
805 574
805 130
1079 41
548 629
232 347
381 149
651 128
336 682
253 276
1005 165
1028 697
1209 320
555 251
800 204
582 569
694 532
185 386
1226 418
1227 394
118 27
729 273
563 72
648 526
302 233
502 615
246 531
723 564
321 276
88 232
449 193
442 443
758 8
533 628
398 510
897 263
1245 39
296 57
593 589
133 521
475 107
662 63
86 429
907 631
1059 552
1268 655
808 119
42 345
590 115
1278 451
323 67
1000 655
800 246
895 582
724 382
170 271
395 119
422 379
650 569
793 59
1288 310
547 446
505 361
305 120
875 20
49 639
585 323
529 673
312 138
518 412
1052 362
658 0
547 678
286 575
1060 247
342 299
396 599
386 406
252 413
637 231
626 191
839 119
85 649
171 482
221 620
499 619
99 17
147 69
1104 339
1221 481
191 118
1050 545
992 584
297 260
480 596
638 444
1050 190
536 226
181 327
726 79
1166 142
478 343
212 339
1270 514
1268 349
474 659
206 268
1022 147
641 168
586 182
478 671
631 82
668 491
531 512
488 371
904 233
459 634
444 543
84 225
117 262
419 224
536 338
1274 285
876 239
415 617
1287 510
890 197
151 353
1057 11
1098 558
124 594
7 460
782 185
1176 514
453 501
7 444
832 607
1293 340
166 620
1084 605
718 203
821 687
504 74
229 547
346 138
1198 47
1080 582
419 95
32 673
186 219
572 93
70 296
1273 661
610 238
126 115
453 697
316 323
299 607
444 418
971 459
1188 16
1082 444
1081 98
1297 591
229 559
166 548
261 49
0 41
1127 532
601 631
1041 496
776 607
537 303
477 481
321 194
162 266
1069 20
643 510
727 255
643 381
535 401
394 543
99 314
1259 385
827 406
141 551
164 215
1016 344
837 63
666 425
337 63
338 535
486 311
977 79
764 697
877 137
1161 526
147 307
196 163
170 467
614 570
1172 546
101 154
442 57
915 194
1282 483
779 14
594 541
481 214
256 514
181 55
1278 664
207 630
523 430
1157 648
146 442
1006 437
708 176
121 658
458 184
1125 205
1002 79
915 377
162 67
557 239
278 208
505 435
500 519
1061 113
147 87
248 618
348 132
1057 394
717 457
508 327
499 126
769 562
841 352
145 266
7 51
417 636
943 309
1201 106
1181 606
558 642
791 87
584 424
1190 342
1202 34
495 210
1292 77
792 583
211 541
943 418
1173 481
596 229
280 325
1248 450
636 114
389 368
817 525
656 67
1133 9
296 340
1232 410
953 575
1285 49
1133 425
1031 536
777 375
318 3
615 676
104 567
1257 395
994 356
632 483
1050 373
430 262
761 18
273 304
1191 365
1086 211
735 692
1043 659
1042 650
207 71
392 506
858 413
770 127
14 520
206 480
937 235
888 49
141 596
363 555
985 127
1191 532
755 610
162 560
854 98
220 248
330 124
352 306
18 651
165 133
1173 667
436 280
977 597
780 101
1114 453
795 44
613 407
163 95
792 140
299 146
360 518
648 283
1265 189
1236 244
512 675
698 165
279 452
77 207
328 311
986 348
24 509
188 347
1194 333
426 514
622 528
30 687
418 574
1121 356
1047 623
927 659
834 16
360 529
309 370
789 406
1277 96
137 87
5 390
1174 476
463 59
75 350
956 680
760 194
706 106
1176 624
157 331
243 265
341 467
697 30
1086 152
1129 184
845 581
910 383
1271 674
266 460
1042 552
42 529
406 276
1135 316
1014 165
384 261
342 74
781 301
784 645
1089 694
833 430
909 638
719 356
858 424
99 564
348 529
164 230
26 578
758 688
663 603
826 512
212 121
292 507
57 53
889 472
3 567
1115 562
136 144
741 497
15 502
843 322
255 200
299 104
30 582
69 381
505 298
90 654
154 258
198 77
149 294
1165 16
486 689
1 691
575 280
1036 311
186 493
471 8
422 588
992 590
862 160
116 472
626 335
405 338
689 626
791 202
1037 385
569 364
594 360
1047 630
825 303
27 399
201 345
724 219
1182 147
819 106
1209 55
1110 157
1091 388
431 144
677 479
955 206
1247 468
930 684
1166 295
784 282
484 656
190 322
754 451
263 341
858 55
329 351
529 194
862 125
1299 329
887 303
1237 168
594 189
62 341
657 23
1116 53
701 362
879 615
235 520
906 489
443 138
19 129
953 432
1137 379
1163 60
1066 161
1095 652
867 337
194 492
915 351
127 179
190 379
537 487
100 674
1161 367
636 655
72 72
473 202
458 307
427 96
1170 649
590 453
347 208
432 524
622 410
512 359
389 103
597 321
870 131
580 65
821 312
615 79
200 509
365 226
575 27
1189 414
580 384
587 148
1091 496
1201 689
514 335
1041 438
1139 505
990 250
517 494
567 195
979 48
305 617
1077 147
754 100
182 66
364 268
1272 227
222 135
264 280
949 272
553 669
1231 186
980 465
1228 165
847 257
1254 138
1159 404
803 503
978 336
928 434
1197 146
764 318
1251 521
44 373
306 628
1232 218
715 591
250 203
817 20
115 218
530 421
399 105
386 315
1158 357
824 697
638 612
331 299
683 681
1283 268
1250 135
529 297
235 514
298 50
175 199
215 651
905 97
346 182
359 326
306 423
1010 588
767 229
1286 478
179 619
1012 150
670 486
380 168
435 397
401 473
1067 539
736 555
433 519
558 357
328 637
77 544
258 413
409 48
97 107
507 476
339 220
42 403
1213 238
889 81
866 384
377 298
1246 546
381 449
954 294
254 474
888 409
57 350
307 679
130 87
667 460
1105 684
88 682
439 555
770 526
1075 305
384 453
811 231
637 205
871 630
1240 153
931 592
157 12
239 579
1015 389
1073 672
705 687
906 85
1152 410
1125 246
536 499
879 215
1166 610
289 386
556 565
726 197
188 447
288 604
1184 379
303 22
1126 18
175 402
122 132
126 450
852 259
533 637
328 384
566 177
996 449
1287 224
194 302
657 201
897 175
822 232
198 641
610 537
21 365
651 367
153 169
951 199
404 298
1259 22
1065 137
1072 665
81 567
574 477
605 559
891 110
723 438
1149 523
991 90
40 147
778 679
603 233
1120 590
67 242
293 288
278 301
145 275
1227 487
246 40
1154 607
1120 344
815 196
998 144
1067 211
535 438
565 620
874 203
316 555
564 30
497 473
1141 586
168 675
687 544
687 30
1264 645
767 203
450 109
167 267
1105 538
615 59
700 58
783 94
649 265
567 155
56 166
658 381
115 138
977 32
738 263
926 395
1066 328
120 333
1153 137
1128 117
1119 171
1071 234
48 197
1292 622
593 165
849 589
1012 441
491 366
47 332
84 373
1142 608
363 492
217 501
20 624
1163 508
883 448
758 56
127 663
1082 183
1002 369
459 6
536 493
267 346
200 400
612 73
110 476
1052 514
859 318
1046 170
1236 135
348 193
587 444
563 282
537 557
857 355
438 206
885 625
947 613
422 528
395 341
406 539
863 693
130 285
124 396
202 522
1233 478
612 83
1082 310
1042 321
1195 265
487 465
299 578
227 628
1075 684
277 556
707 537
284 82
1246 553
408 188
75 18
712 411
322 48
1187 499
531 103
509 615
612 141
1200 619
1296 388
1208 622
85 69
999 686
1249 456
664 374
228 164
1038 302
54 598
468 549
940 613
257 163
788 107
637 131
831 105
1172 581
1181 596
477 677
444 648
792 534
654 509
643 387
1205 214
577 137
248 457
1015 6
405 371
640 142
371 590
1072 362
117 642
217 361
1052 247
872 196
439 236
789 129
372 186
213 313
40 391
1079 267
544 351
251 500
1219 160
975 673
138 380
157 96
1235 128
1242 654
444 664
277 661
1270 63
1140 107
510 480
276 485
864 85
994 61
751 195
97 522
660 294
1009 329
163 638
255 116
762 226
170 351
633 408
798 276
940 480
1108 65
1195 68
1001 419
235 623
1259 482
493 380
589 682
1084 316
670 245
830 319
454 290
910 513
803 460
185 482
791 160
1241 107
412 370
506 570
58 433
627 57
1038 617
1243 493
857 407
979 69
570 540
1240 444
1064 461
474 517
935 42
1103 357
469 414
694 598
367 487
491 247
1234 415
1199 452
496 327
1219 556
391 89
930 147
270 53
771 483
1219 208
34 679
1069 392
91 242
184 212
746 172
354 462
463 347
394 364
758 390
745 405
113 4
382 538
393 425
924 191
676 190
1075 77
1297 564
684 42
807 350
244 161
781 599
70 258
15 585
772 161
43 417
698 413
519 289
909 564
1154 104
532 394
12 654
232 645
582 409
391 554
538 657
706 383
1071 169
14 311
57 78
230 92
730 687
1154 256
905 102
1116 302
715 570
62 362
469 175
742 111
238 247
806 207
41 273
579 229
628 545
643 607
129 69
825 673
352 253
1284 504
25 177
963 209
751 317
459 318
924 136
977 678
201 89
40 426
932 406
614 25
426 330
569 667
438 324
463 204
999 647
1254 296
254 362
513 40
703 273
1239 560
253 350
188 473
290 189
404 647
656 212
1153 170
841 34
872 383
544 33
254 239
963 92
577 644
730 646
599 343
286 45
636 29
2 64
485 637
22 0
154 298
884 633
1267 166
149 108
264 197
194 18
1273 67
488 427
417 323
315 417
106 396
920 455
432 664
204 699
341 691
23 693
960 131
259 362
347 519
1263 270
385 469
588 333
748 133
92 92
1025 458
837 682
1102 412
113 661
1278 174
715 471
288 415
864 73
496 462
741 134
558 338
908 310
1208 382
409 447
240 690
319 684
1168 386
571 384
1289 99
1053 617
816 375
1205 602
814 404
80 136
1019 690
209 344
1083 148
1048 401
775 236
62 599
599 447
307 637
1089 618
191 549
317 428