3000 50 80
906 25
489 634
693 527
153 660
1250 569
1269 81
533 48
646 638
885 107
0 415
138 19
751 52
602 196
1182 466
127 310
198 377
274 313
270 219
897 498
478 601
1274 681
227 273
1170 603
715 66
1275 672
664 565
920 115
1075 692
663 465
810 515
847 624
813 462
486 62
1144 107
672 263
133 146
1212 573
1189 1
628 299
142 652
638 128
1046 273
300 222
251 660
753 579
262 605
307 188
235 158
487 186
644 159
76 460
996 37
855 622
33 624
1268 593
1 26
234 202
57 562
1034 243
710 664
794 432
57 652
1101 524
40 607
182 364
1239 519
395 141
477 449
548 613
772 685
1038 432
382 199
688 541
759 74
557 320
397 222
770 129
261 19
134 699
378 686
660 267
311 508
891 59
217 130
508 389
1244 605
1293 274
351 537
530 477
172 487
793 576
287 81
472 285
456 213
692 129
485 180
176 351
593 114
658 630
1243 410
427 119
274 223
674 525
987 157
884 360
52 683
1205 386
844 296
395 0
616 602
310 53
18 178
395 9
1152 99
889 413
995 22
9 587
660 8
540 104
243 452
402 286
1259 68
768 694
2 53
116 682
963 392
335 240
1133 473
212 497
828 693
988 146
417 335
727 117
430 525
746 379
62 20
368 679
683 25
878 289
686 121
1045 631
590 288
776 468
516 530
1067 564
226 565
710 699
724 273
396 364
208 7
1118 263
920 98
868 353
69 556
630 7
552 298
974 648
128 627
604 114
1119 422
1222 349
441 85
258 376
157 53
321 651
468 553
1250 236
659 231
784 203
630 317
326 454
187 7
97 113
107 56
943 368
1014 184
22 76
145 188
387 544
78 281
11 105
344 627
627 493
855 426
105 482
1157 20
301 307
124 128
508 246
187 342
378 437
90 370
1096 393
1235 111
740 439
489 131
934 271
259 61
67 22
260 284
382 130
256 447
1057 45
481 692
741 211
549 432
1180 106
1237 500
32 70
165 660
1046 386
419 504
848 350
2 689
1157 98
614 69
1014 102
776 426
233 530
1254 494
447 504
347 453
1252 434
694 494
1106 214
486 407
266 32
783 55
794 166
105 566
81 461
477 544
885 478
1121 367
134 119
1058 291
248 321
748 519
638 229
508 442
483 625
397 134
326 65
1299 507
1004 358
887 473
88 177
530 190
856 234
981 158
266 602
764 588
1096 105
110 288
943 527
778 665
1219 165
227 572
1268 656
1277 251
743 407
1158 470
1083 107
613 431
796 21
412 340
516 8
314 652
666 534
1233 223
420 61
1067 689
434 9
313 570
973 569
961 173
490 338
249 295
265 505
492 609
1161 694
519 415
1047 256
884 4
800 192
1007 380
1048 288
913 112
929 294
83 389
1080 228
989 291
732 485
1237 232
1132 516
844 402
1171 586
404 217
1025 426
795 300
1181 149
47 517
876 491
1288 167
607 620
1228 40
563 247
626 330
608 202
350 579
1255 511
675 568
1248 206
938 77
343 97
1194 403
1232 541
1277 156
235 311
213 253
194 646
203 165
204 191
1161 37
326 625
222 636
879 453
897 675
864 284
111 186
369 60
188 582
801 479
955 578
49 184
1035 413
1234 553
83 66
334 497
786 439
107 40
370 196
871 80
825 564
112 211
293 628
1208 40
1114 118
472 402
638 592
632 563
483 291
685 48
531 40
1128 153
175 511
396 551
1011 534
300 678
687 195
169 35
372 562
815 589
259 155
222 275
154 182
523 375
231 409
828 94
942 661
848 268
1000 490
870 234
1155 224
773 293
856 166
728 668
711 467
93 263
884 234
1139 366
1039 395
54 658
518 115
588 639
896 606
408 61
235 542
1019 225
4 435
925 486
716 679
531 345
176 667
9 279
198 308
1083 512
608 580
83 115
429 476
679 352
13 113
349 347
3 510
754 479
365 684
647 390
343 230
822 258
1053 463
630 353
1072 293
235 435
714 128
265 199
523 512
271 530
1215 522
732 499
1292 493
167 86
1123 270
1128 400
849 592
104 187
299 334
961 225
959 148
1054 651
917 429
962 213
350 132
139 482
1060 606
694 344
440 213
774 210
392 284
766 509
757 661
143 33
505 514
861 499
928 12
952 170
18 414
437 590
1091 351
1038 183
1059 27
346 557
6 156
357 394
1077 401
257 408
1149 457
910 411
439 167
1275 307
1137 190
642 60
848 492
808 115
148 260
857 204
372 540
817 211
283 21
905 180
313 322
740 684
1278 448
457 55
842 289
531 335
123 288
224 369
412 172
424 696
470 488
263 671
1229 351
444 4
682 138
517 1
309 242
884 218
1057 594
12 665
1081 584
835 83
569 253
322 355
850 446
1039 24
495 502
565 587
214 443
434 185
128 587
1093 623
150 228
644 299
140 223
791 563
160 636
489 324
531 652
1106 6
547 678
956 546
724 183
152 577
419 310
253 87
1183 518
594 507
1253 406
615 559
217 119
712 536
29 4
40 39
919 412
449 598
1281 183
199 626
543 447
210 275
884 81
320 332
1091 680
1260 58
416 201
1133 323
251 484
815 538
1000 81
697 574
741 40
621 216
21 381
529 163
693 206
756 587
1086 237
1253 167
95 479
646 473
338 646
592 448
1080 233
552 382
110 425
721 658
408 151
883 678
250 70
218 68
1161 424
586 615
96 378
1000 324
790 394
512 122
1154 509
969 225
976 168
468 257
1149 615
98 691
564 649
965 283
1127 215
430 126
641 654
843 72
293 22
1214 86
1204 619
1086 681
1219 325
430 439
215 330
507 114
379 369
1089 391
602 396
745 363
185 102
392 56
30 124
44 330
740 565
94 88
175 620
9 299
959 317
456 288
1007 275
682 410
668 129
1139 204
865 115
393 541
464 285
802 274
339 492
1223 171
279 167
361 415
505 217
1081 359
39 542
780 558
375 249
394 511
344 569
838 473
927 183
1097 99
1013 627
451 352
749 631
766 658
228 584
185 538
720 88
39 203
200 518
885 376
700 658
1265 257
745 487
289 163
1157 496
1189 607
383 123
767 490
1076 202
464 297
1071 533
416 663
1243 148
742 330
299 580
817 177
238 354
209 282
1200 309
260 147
1212 288
969 188
1146 339
861 200
468 1
353 1
430 663
1128 320
994 134
133 622
1009 496
1278 565
1252 194
1061 214
860 249
899 636
981 594
322 548
1088 670
362 674
295 438
1174 378
1065 145
1030 29
907 519
1298 607
513 184
1202 553
1241 342
1237 79
1291 367
535 525
233 282
731 2
571 23
10 380
436 244
513 94
935 446
381 696
153 74
1248 156
949 666
1132 265
1210 146
144 247
491 468
292 375
71 621
334 195
981 51
1215 94
1299 649
798 222
599 463
234 463
752 501
221 22
88 78
666 58
398 494
145 82
206 31
841 110
1115 227
336 112
769 240
890 23
664 406
444 419
1001 460
1255 563
841 263
294 512
491 624
789 119
240 64
985 508
71 6
1229 459
1289 514
86 98
681 539
971 100
311 640
483 554
659 620
768 341
15 493
144 554
1260 379
1105 267
290 596
1295 662
464 63
43 474
975 321
173 404
877 280
200 66
1009 116
338 22
876 402
1031 604
741 542
91 291
331 384
188 140
923 630
781 537
418 245
814 169
822 313
697 374
971 694
323 38
1226 560
297 697
937 18
966 403
218 135
567 525
1041 290
1237 449
668 22
1196 434
343 319
409 298
661 282
1104 294
695 323
85 365
578 625
409 265
920 39
703 678
946 357
70 247
706 194
148 2
822 500
1270 42
493 125
922 45
502 84
76 591
127 26
776 244
606 633
0 306
489 558
678 258
3 97
230 141
103 588
1101 199
756 505
597 698
627 696
36 66
140 101
204 374
804 463
1115 313
47 608
180 329
295 84
509 351
304 70
1076 79
292 195
1258 245
770 271
218 57
1088 651
1295 312
1190 509
371 388
1155 148
163 515
1271 262
1113 323
316 697
1267 103
669 167
937 1
1008 311
822 535
947 145
591 105
738 184
388 379
1253 42
408 193
119 263
695 221
1218 38
687 22
357 304
937 303
386 644
754 59
890 92
1159 60
284 247
917 173
901 159
1222 507
796 645
1046 478
832 456
621 611
1140 487
971 352
236 347
515 76
1184 639
423 161
850 321
1024 149
50 663
588 697
1154 291
220 84
301 619
372 576
215 78
1123 13
125 603
236 98
429 108
452 216
650 92
1284 107
597 530
1008 12
341 333
1290 616
961 242
1035 204
372 546
662 240
147 289
1281 162
968 114
1188 287
1263 614
81 422
371 67
596 340
1293 269
916 232
870 66
1260 340
742 660
1282 92
936 698
167 300
802 487
812 20
339 268
957 153
1204 624
252 478
1033 429
100 435
746 636
1047 506
103 693
998 73
1076 145
751 409
571 336
924 443
788 67
496 570
1180 486
637 107
764 620
993 230
327 121
24 256
258 343
237 34
1188 458
404 592
121 191
864 242
1129 422
623 4
862 516
218 589
264 617
1244 557
548 94
731 264
735 553
744 344
427 3
534 213
233 42
1156 168
858 172
396 44
1066 256
588 90
152 47
839 86
793 54
532 422
848 538
978 625
577 253
536 152
1216 141
1012 585
1259 642
76 271
1224 11
109 136
1219 457
145 549
720 315
789 528
960 187
1093 268
496 606
199 614
771 79
950 516
908 557
915 137
565 128
845 473
91 165
178 370
409 448
945 153
816 568
742 23
1206 514
95 447
54 305
1193 221
367 422
1138 214
1126 85
285 260
298 68
603 454
530 391
896 154
625 677
1083 82
579 291
192 555
495 459
209 53
771 279
1074 357
958 257
357 472
440 160
27 532
149 502
629 649
163 195
480 368
1234 5
1199 677
1099 89
1247 163
1292 410
101 487
33 155
1206 377
815 554
667 583
281 680
162 298
622 437
51 546
81 516
343 89
1181 186
1151 496
118 514
183 648
466 127
781 108
1234 493
918 675
1144 408
1048 141
292 396
1177 670
941 692
1170 310
561 431
498 662
851 255
903 174
697 382
263 634
1130 164
893 293
286 49
112 459
906 578
844 666
143 542
906 112
949 591
704 366
165 551
560 355
768 143
1231 405
130 198
862 375
874 564
14 32
512 344
143 175
18 200
92 635
297 96
761 540
33 343
248 399
1299 631
604 409
349 102
173 410
1256 281
217 488
107 317
1196 244
391 607
368 125
323 29
936 82
645 684
35 610
1234 106
1184 659
1220 577
614 666
755 565
794 416
393 683
896 322
331 512
106 207
403 405
233 196
995 172
242 243
719 515
431 633
0 486
384 623
998 445
98 202
1267 209
1236 200
608 448
377 405
239 340
653 511
1257 4
500 291
579 66
885 182
923 257
478 621
4 167
356 76
1123 277
1258 503
629 46
880 372
38 229
232 24
479 127
1229 344
165 290
362 480
1201 215
69 671
882 482
986 135
118 496
388 602
432 652
384 114
1160 25
194 323
403 23
1069 402
362 339
655 25
443 323
777 566
1152 519
815 156
69 30
1095 514
718 639
262 295
111 325
301 140
1198 199
905 586
1195 566
1016 308
453 299
803 67
751 589
464 41
205 180
616 658
519 624
1040 172
469 94
1069 569
452 152
215 388
1250 175
245 175
231 262
766 421
451 484
35 418
57 361
173 454
795 692
1178 355
1293 170
756 486
377 482
364 569
76 637
319 363
663 504
457 598
904 32
244 53
687 77
323 276
909 247
657 301
600 657
158 127
37 297
1179 203
234 441
227 655
816 35
660 247
144 183
1287 431
883 351
203 379
1227 144
835 565
267 377
1077 223
778 591
351 178
1267 515
27 46
466 616
787 95
664 401
655 590
965 513
5 546
264 92
363 600
1161 632
984 572
164 76
1141 617
179 544
921 277
180 92
733 352
169 330
552 696
1290 32
1179 696
907 671
410 282
767 284
1023 316
504 628
495 334
1276 476
141 473
1180 538
747 539
1296 541
602 676
624 23
922 641
1260 97
1037 114
964 430
711 634
1075 392
1221 355
749 289
739 479
367 489
394 186
532 682
615 509
747 454
521 48
796 654
515 240
1180 257
682 84
31 40
1280 374
825 504
681 3
327 79
985 378
687 63
300 172
135 433
98 179
108 401
173 219
908 320
103 270
1070 372
738 516
1 648
4 226
564 58
459 681
233 680
1225 425
11 319
813 123
1137 645
43 175
717 16
1097 152
1034 587
820 550
392 314
1261 288
1086 663
417 76
443 519
1121 314
27 504
83 250
408 466
433 282
863 599
107 242
381 30
925 167
1136 609
973 397
487 163
562 414
1298 62
398 79
317 449
532 146
751 185
114 10
136 630
1096 560
99 42
448 249
271 188
283 532
322 406
928 380
18 52
336 377
634 619
43 670
1269 142
1187 192
1270 639
59 417
71 271
698 245
841 640
833 550
89 597
780 173
794 119
80 541
1117 396
502 547
452 513
1039 33
438 387
610 462
1057 395
947 553
1291 676
810 396
331 687
500 29
1251 115
964 552
168 262
978 491
30 217
1248 616
1216 237
333 293
980 347
1040 243
1116 599
890 644
1094 293
725 18
919 322
732 79
700 51
500 192
1072 492
110 167
1070 334
126 174
165 367
871 679
542 258
174 256
467 481
1168 510
1245 352
805 344
1245 674
1208 671
327 465
373 357
194 282
531 661
1269 298
546 593
51 464
617 632
1278 146
475 406
566 672
1018 338
957 212
119 554
912 488
30 616
798 509
25 65
468 148
628 410
298 411
1074 558
950 329
696 119
393 500
447 205
808 564
324 268
392 590
1145 592
52 11
13 221
789 471
804 416
951 611
1121 572
1090 133
561 524
442 630
541 318
405 444
32 395
1061 121
167 220
604 65
915 476
1110 493
831 22
664 159
30 227
673 148
522 288
448 557
682 417
445 404
710 174
1039 592
1161 14
99 357
1025 182
319 207
240 528
1167 218
350 44
439 199
619 37
382 320
223 515
141 563
813 647
521 654
192 288
991 472
1289 468
33 565
539 280
739 485
650 523
832 350
473 610
121 588
481 358
1141 563
1071 683
1144 421
1168 540
688 282
125 572
270 199
161 676
1054 692
831 43
1236 164
761 23
270 16
652 104
1144 660
755 91
1219 488
45 33
1041 205
320 90
1282 15
1156 659
1269 343
480 160
908 288
527 368
805 160
718 34
223 350
1274 201
125 674
1064 329
527 277
1080 148
328 572
498 175
1207 70
206 482
975 550
1033 627
1120 102
1264 139
128 607
700 585
353 460
1179 380
822 0
661 528
1063 532
278 102
282 467
1217 59
1185 258
730 304
1101 253
738 626
477 395
917 664
886 506
1218 192
574 226
594 581
17 252
999 660
935 264
50 645
264 552
884 331
1123 153
168 319
362 55
15 190
837 583
575 57
935 519
825 396
295 353
410 229
914 362
72 69
803 212
146 224
456 642
970 331
329 361
528 413
1057 544
709 608
1016 295
1063 639
853 218
283 270
1053 279
287 356
1147 291
702 300
770 96
548 473
684 179
527 321
565 83
1143 603
893 678
359 179
310 255
59 459
1203 559
816 412
91 415
488 27
1130 433
184 529
483 686
290 552
867 364
920 110
1265 133
640 689
968 124
3 299
56 614
459 482
570 155
344 512
518 257
214 662
27 59
339 425
838 648
1292 552
1288 262
30 94
1080 367
806 378
822 230
121 461
369 633
524 394
338 623
363 381
559 19
1296 500
884 645
1075 617
738 691
293 153
371 383
495 631
169 400
392 419
765 675
646 224
1094 528
285 524
549 225
707 54
620 160
392 658
699 17
130 634
1177 122
150 196
325 246
87 555
823 28
487 262
321 102
987 561
883 390
604 35
387 198
950 496
870 310
121 401
676 471
546 34
351 392
1050 361
1214 215
111 681
81 494
684 631
370 337
599 76
646 537
52 219
855 16
886 198
1221 681
1125 121
672 125
974 69
89 469
290 186
115 288
150 105
408 66
48 248
358 321
293 2
1056 275
855 314
301 431
610 687
140 576
939 282
121 506
269 227
37 2
76 81
929 278
1012 668
799 331
776 297
335 554
1210 443
106 305
640 135
263 587
639 500
1093 228
819 464
864 30
271 139
642 293
55 160
380 602
1043 685
80 506
1021 355
847 306
24 170
794 452
912 66
385 585
686 669
626 163
147 580
1223 132
233 520
418 170
1096 219
217 424
1085 135
777 83
1132 62
313 668
424 129
1015 369
311 529
714 692
354 420
593 182
603 88
808 473
1266 55
415 480
248 231
48 25
262 78
1258 11
832 468
455 315
339 152
1055 193
995 393
20 570
1284 427
936 287
911 48
886 18
807 537
283 393
525 186
190 373
1175 687
681 474
1202 654
765 548
1066 66
15 452
39 410
602 416
1106 681
714 569
254 561
1116 327
690 98
1183 360
178 475
1216 620
726 646
381 655
943 177
891 183
501 445
1034 556
260 246
1209 135
158 368
1051 537
813 199
1011 517
1025 194
230 1
638 250
147 441
439 685
210 199
66 470
284 487
408 540
401 393
1167 279
756 411
1012 166
786 659
674 322
961 357
741 201
1282 141
183 370
1062 386
1202 239
502 359
950 364
816 584
802 264
76 13
1183 402
162 418
8 528
427 152
983 647
491 86
727 188
85 687
715 43
1280 288
1028 618
988 212
930 141
387 137
281 475
704 325
553 629
817 30
227 691
536 58
914 74
1091 422
214 17
73 509
1267 11
724 598
658 288
213 146
1262 562
618 92
989 274
821 388
1170 186
476 337
481 385
589 227
933 672
1146 388
242 501
382 461
302 563
20 464
1250 395
1251 639
418 370
18 90
497 312
493 688
760 671
1115 332
66 322
115 378
1149 352
123 436
682 331
1018 89
501 298
1004 433
300 524
1197 538
1291 544
28 78
366 43
1206 412
599 692
983 293
715 1
978 307
591 51
712 409
636 585
276 301
1005 686
134 49
1254 18
66 46
570 109
295 657
0 467
561 136
1255 385
248 638
3 333
180 514
543 540
1133 177
102 629
1223 628
346 381
923 346
277 29
955 140
239 373
627 394
141 634
193 298
179 651
499 247
504 125
192 502
706 82
877 323
932 161
736 21
100 539
861 107
597 549
86 165
102 182
1015 443
526 240
274 505
471 646
874 658
46 524
668 693
1289 694
508 468
208 525
328 494
501 79
50 102
618 463
269 73
316 191
410 674
168 148
383 47
66 208
375 430
314 165
88 69
1040 299
1218 512
1057 553
526 613
825 298
52 65
916 470
70 127
568 445
1038 93
323 597
25 664
18 13
118 343
490 242
93 361
1081 413
1216 583
479 23
561 643
571 384
202 641
286 547
138 503
1039 620
1089 331
774 492
488 550
1263 444
953 264
796 620
293 322
216 31
1065 484
376 679
707 438
252 248
135 265
994 438
670 118
483 512
1103 445
1051 104
471 387
466 413
777 443
326 580
644 124
309 6
1275 218
265 530
129 612
1119 62
638 95
176 437
5 630
1160 331
715 77
832 390
888 163
257 595
923 475
952 17
451 20
354 199
1101 687
1290 158
865 311
1090 562
1147 44
701 404
300 531
124 465
1028 84
195 158
507 358
57 253
508 693
1174 45
947 434
622 293
1236 304
449 479
566 241
603 225
1259 436
1136 149
601 203
683 225
1298 638
306 436
666 448
297 193
441 524
608 540
1072 97
60 500
231 373
831 383
1221 448
48 1
5 622
268 306
2 92
187 279
678 397
1052 569
1297 147
1102 376
553 82
149 363
1187 414
136 582
187 132
130 304
38 160
445 14
882 600
1105 527
741 610
178 211
833 50
893 548
418 211
361 9
97 543
1292 149
405 681
581 475
722 211
186 332
385 297
1147 468
993 556
511 520
101 511
1209 322
171 312
499 453
776 333
1226 83
211 120
1173 396
1162 159
1004 419
380 258
998 596
311 184
636 414
491 305
26 341
280 497
789 246
1089 472
508 633
103 363
83 661
202 303
1140 383
1183 305
1067 282
808 150
612 548
351 112
512 81
140 157
241 267
657 158
232 368
274 65
1238 606
72 579
876 174
421 27
898 389
1044 696
827 422
1059 145
525 235
600 117
505 64
1209 566
419 412
958 622
612 308
790 148
679 278
1242 61
395 673
692 175
525 693
321 196
815 79
1229 334
920 216
273 107
993 540
485 301
304 291
576 322
1023 259
636 83
1224 257
447 488
1181 615
1137 160
97 22
345 116
625 321
773 183
240 581
622 644
899 485
957 698
484 415
994 185
846 274
600 49
43 551
1170 692
1119 108
1118 548
1055 129
597 577
539 288
394 453
624 279
85 578
775 438
392 484
1220 155
412 666
682 646
816 59
1229 264
1240 332
735 135
1243 253
1172 349
794 200
581 654
630 174
595 381
789 642
852 372
280 93
227 40
118 540
607 129
958 590
386 442
775 618
200 269
225 237
952 660
637 151
700 682
391 242
650 601
793 359
34 207
1010 303
1290 501
1233 418
1048 265
1152 562
1249 148
269 475
463 239
441 579
1179 629
278 421
224 127
642 335
1190 555
130 36
442 298
1065 250
1291 334
451 92
328 508
531 495
505 20
843 530
745 619
1231 230
298 54
574 681
217 245
451 673
618 444
560 366
617 498
468 453
506 336
267 409
460 357
506 594
850 136
146 266
1204 463
1239 542
1159 622
293 507
829 374
455 74
821 591
888 339
652 227
973 383
168 250
1261 508
376 126
1296 224
470 445
391 667
497 225
633 605
156 168
182 605
711 422
667 83
45 496
158 343
330 356
1036 678
241 698
244 37
1277 34
350 496
917 354
1228 134
1191 126
228 130
914 394
870 667
1024 73
645 242
865 572
475 579
209 420
537 625
424 354
795 518
789 379
1205 458
463 653
1141 157
1239 206
731 576
185 676
381 408
154 143
518 660
718 687
1070 500
271 331
710 78
130 213
875 421
1248 297
1093 572
467 394
552 599
1016 452
275 192
544 158
897 60
488 661
93 384
552 142
1068 58
791 207
1224 634
175 673
620 426
535 602
543 333
1252 124
650 625
539 640
573 396
391 353
897 644
821 154
771 399
1025 686
26 592
1165 205
2 113
1007 576
853 669
521 642
816 679
1247 452
1096 53
314 139
836 65
1073 314
108 645
150 274
1187 318
877 303
1021 219
863 696
950 220
715 494
1065 20
813 312
972 608
1048 194
195 1
833 684
641 571
1274 688
234 669
1265 279
441 344
18 301
246 574
128 62
1276 488
1173 697
1166 255
580 354
896 459
641 37
315 489
170 613
51 391
1298 534
1223 239
874 628
549 451
687 230
479 432
1211 206
890 444
704 641
360 446
1027 459
894 523
1090 34
232 90
1179 295
861 397
970 629
828 112
1133 548
1286 541
421 88
0 61
710 68
1170 340
146 526
185 474
934 656
226 290
1040 509
366 71
35 259
53 95
961 106
180 127
195 190
554 410
415 237
727 236
691 656
1109 288
397 296
693 188
1089 373
849 462
83 566
976 665
1153 125
134 646
66 516
1070 74
1102 38
1149 335
573 425
864 488
1230 177
748 441
412 641
24 314
770 7
887 139
908 539
169 134
946 628
728 167
71 697
835 31
587 179
1091 109
880 162
417 325
908 242
542 531
817 506
965 236
360 578
925 682
490 494
327 216
694 428
1023 187
622 653
869 497
346 429
481 640
452 381
244 70
389 574
302 448
685 578
277 513
330 179
1110 228
846 618
1183 300
423 68
811 10
1073 528
698 618
1098 697
643 210
998 652
214 206
979 672
339 62
79 34
184 257
314 385
405 54
973 539
8 582
9 426
419 555
80 144
848 232
852 301
714 120
248 458
1296 77
920 694
106 513
1238 19
898 216
210 259
1236 399
1213 70
698 35
976 439
304 200
924 363
1283 307
871 327
232 248
538 423
27 163
55 621
42 437
620 275
805 421
498 476
202 56
757 153
918 142
991 14
411 357
1105 672
1175 548
944 126
52 262
757 404
603 591
577 27
726 135
904 276
1247 420
1291 573
962 409
85 276
1026 335
50 506
951 314
19 459
768 485
1040 551
660 570
1093 597
184 683
1145 280
1273 67
34 679
1089 342
357 273
112 673
812 185
160 336
338 634
709 303
847 21
256 352
558 677
695 367
894 281
533 646
875 126
578 443
96 8
517 500
331 630
130 525
978 90
879 77
892 615
1170 261
986 76
333 318
141 237
330 672
1117 359
553 188
436 88
1173 128
140 232
115 146
915 654
724 3
723 621
1230 248
649 453
36 60
326 345
1110 521
852 616
23 128
550 51
1003 130
147 430
153 508
678 652
40 682
339 252
239 171
1062 128
182 1
297 369
1271 563
1133 564
292 545
1234 527
469 667
362 82
366 262
1103 607
888 632
60 257
879 428
78 671
1100 314
396 617
671 13
1168 28
94 336
1195 497
269 446
485 445
493 452
684 148
1205 649
621 56
554 592
1220 435
1157 141
966 64
547 15
842 243
899 245
1235 243
499 112
437 472
1186 223
358 213
742 672
1283 679
307 173
837 555
804 306
472 358
42 486
501 524
228 485
802 35
833 191
33 467
468 602
911 553
781 193
1137 78
1112 52
208 377
673 4
904 294
121 660
882 493
622 234
1232 140
1112 30
188 422
647 562
157 596
836 463
401 526
525 600
80 347
1048 176
1174 639
982 121
730 152
1283 647
1024 277
37 575
550 309
631 343
224 10
151 464
904 206
236 329
760 583
440 273
764 305
1283 250
575 694
497 435
270 427
685 337
984 300
981 456
264 422
716 82
65 99
166 8
304 253
846 675
367 18
258 392
1073 471
764 396
277 343
579 507
630 80
593 462
39 352
393 384
292 51
812 598
29 294
1274 377
239 262
401 51
474 313
544 649
726 406
1267 428
1001 45
848 645
997 672
939 382
524 388
619 67
701 225
381 536
105 280
23 605
247 138
757 254
704 67
869 556
248 417
401 419
132 328
128 190
433 505
577 117
35 169
1027 143
501 56
123 526
146 399
1275 42
800 61
710 527
79 201
588 573
642 107
0 198
1279 578
289 341
1078 549
264 401
3 521
94 591
1115 196
292 443
847 29
607 102
938 353
711 613
616 326
103 89
1208 106
510 614
890 663
1228 240
289 156
430 467
265 328
55 111
399 62
97 515
206 212
1055 16
356 297
180 664
155 299
1045 361
1242 195
260 121
1105 560
174 685
1020 326
321 67
974 527
503 286
1001 35
1087 642
364 552
725 205
1239 142
239 463
434 41
577 669
664 511
274 11
511 295
104 139
62 387
934 24
764 51
1219 0
1098 359
421 1
1008 228
1090 509
854 295
643 23
465 290
114 23
630 272
338 682
100 584
717 281
1134 318
865 667
636 640
82 25
1042 253
629 293
26 281
447 110
525 246
705 410
192 613
960 656
190 47
898 229
948 562
52 245
1285 604
933 171
741 310
1022 534
903 502
709 482
315 397
1293 14
884 35
717 646
87 323
681 44
243 295
651 232
688 411
1119 147
829 267
621 518
93 548
934 90
58 204
751 549
806 373
310 41
331 186
1090 52
59 522
313 646
25 427
555 685
692 627
1048 322
167 54
1190 350
924 383
908 304
172 303
881 534
194 169
200 333
70 498
775 178
446 376
416 51
1001 529
334 559
711 618
1120 228
1098 567
840 96
1259 414
1269 684
768 581
1207 265
1128 676
428 99
693 24
203 280
1237 575
722 161
236 323
221 208
743 476
1246 517
674 274
179 684
717 385
926 64
512 19
63 429
1196 2
355 125
213 596
774 11
1288 406
893 597
1143 326
1044 546
602 282
905 142
1035 419
100 125
937 539
292 142
490 512
842 57
506 561
145 77
576 80
704 73
1151 74
485 648
156 620
9 240
170 105
340 413
1194 481
214 646
51 612
1059 271
437 608
132 351
738 493
81 50
277 635
217 431
784 340
521 631
160 12
1163 608
1278 238
907 431
888 598
434 646
479 485
87 523
674 479
540 438
1110 516
339 74
990 521
424 675
36 604
715 336
998 117
1217 19
268 357
884 445
646 255
68 358
298 63
1065 265
1017 321
384 649
1083 639
442 305
542 248
598 184
324 515
648 501
1116 319
1246 460
534 481
470 267
632 555
918 199
895 251
963 457
235 468
1080 157
690 88
1205 337
272 396
1136 239
347 573
501 599
194 211
910 187
631 22
1168 375
1017 108
102 345
1264 126
410 523
775 59
196 90
1267 502
1257 688
131 684
266 232
165 352
799 52
924 507
1142 39
807 358
793 84