3000 50 80
1111 357
134 46
740 562
562 456
269 217
976 346
980 624
926 99
652 247
488 239
204 664
338 296
1108 69
41 643
1084 674
1046 651
422 529
98 56
416 268
105 383
1248 213
801 659
51 74
859 125
173 250
478 467
807 504
823 396
485 123
175 585
669 455
760 604
847 499
656 623
228 141
100 662
377 532
623 432
562 332
517 409
741 499
943 80
699 360
283 659
837 316
892 37
1241 61
750 397
337 391
38 545
1046 600
635 32
1261 119
569 553
1277 329
835 229
1242 230
884 623
735 251
518 14
632 420
713 12
886 363
1108 64
1244 202
1235 488
235 116
733 583
500 461
34 666
305 14
1249 351
602 241
1134 445
158 202
918 374
1135 107
1070 516
831 182
1219 199
30 362
297 236
205 535
20 224
450 404
711 361
302 555
861 272
319 545
444 678
552 195
702 28
1167 72
951 1
819 383
395 469
251 698
652 393
140 679
1039 216
5 20
662 290
622 31
628 623
377 262
412 496
1140 99
78 275
729 135
408 579
708 198
372 178
151 520
1044 469
1143 141
92 406
218 303
223 315
639 613
672 149
435 338
113 333
1237 378
374 668
56 644
15 665
282 166
600 368
1134 45
883 468
1195 481
1035 115
106 192
535 490
1264 293
1281 385
306 144
968 334
490 193
463 258
590 34
476 600
1049 14
1148 186
986 352
478 20
393 462
528 500
818 284
591 282
623 470
1282 696
372 315
563 160
859 154
321 76
992 306
1296 352
94 227
1003 512
314 519
544 348
375 522
1258 416
1001 422
990 468
53 696
811 219
808 184
93 503
1232 134
768 23
782 29
35 692
114 557
435 209
1004 429
871 147
1201 83
131 116
1029 507
477 419
890 474
42 308
383 290
339 281
1070 577
1251 321
646 42
337 255
625 0
652 329
444 646
584 619
517 19
1188 414
154 680
415 517
813 415
552 106
198 633
651 235
573 535
939 187
245 634
871 294
1240 502
1021 531
441 529
15 70
1235 544
934 33
1068 295
457 319
265 227
839 369
895 353
584 470
1232 95
24 586
86 500
257 427
585 369
1167 682
710 624
925 178
1282 284
85 513
374 426
919 685
1122 476
931 598
66 320
944 583
1257 405
497 508
1066 49
331 169
1287 276
721 447
1016 576
393 141
320 441
580 528
1137 427
1251 254
113 468
1095 196
1038 227
667 676
617 270
342 487
817 195
1069 275
888 601
442 523
1177 4
638 699
267 142
332 667
786 419
497 191
519 251
541 318
405 307
271 441
866 467
18 242
853 77
922 17
1221 512
1141 488
784 297
1003 354
73 230
689 423
425 508
307 649
593 448
74 663
881 29
928 520
9 9
952 665
915 31
418 285
63 450
1280 231
257 216
813 338
1111 150
640 56
642 93
1024 551
75 37
518 436
268 49
1042 295
1239 263
1 165
44 5
549 20
1024 295
212 536
901 358
1232 47
1028 381
1082 222
579 474
740 183
575 414
664 549
396 644
321 333
1103 475
657 495
92 93
713 541
1054 52
979 553
543 105
109 358
912 68
209 610
202 25
927 529
1283 538
531 485
750 92
250 548
76 153
1070 233
724 17
503 336
136 431
238 480
1169 550
351 130
1023 82
864 534
603 649
78 47
589 329
854 660
277 449
346 651
542 180
64 50
901 384
124 190
633 666
577 340
1286 610
781 210
685 317
962 0
899 404
1048 592
267 272
699 104
209 499
194 227
93 537
835 73
678 620
137 577
371 352
760 142
1084 573
516 219
359 193
270 589
72 436
1014 632
219 516
1244 662
320 103
114 146
755 135
292 676
638 315
1201 117
868 151
494 49
354 481
678 564
1291 639
995 668
626 660
193 26
526 488
725 22
1197 574
314 229
5 267
808 543
1146 228
403 446
478 315
237 509
1094 305
1019 183
1239 509
689 296
623 136
51 9
906 526
390 41
605 417
213 439
811 333
420 294
1023 607
962 328
859 474
1187 150
536 21
1124 591
934 450
1203 38
840 182
1203 393
56 277
1101 291
837 676
1234 350
863 656
549 600
49 281
1014 683
924 22
309 452
760 449
753 520
993 416
556 261
1108 521
1054 110
727 67
888 640
511 543
1127 671
104 597
845 530
972 230
25 414
1176 557
734 648
1174 31
1138 111
1133 32
923 624
572 492
1286 158
188 232
260 487
681 455
293 628
1237 668
218 552
36 123
560 236
872 323
567 499
1272 630
738 64
134 661
112 101
633 505
420 546
698 22
818 532
997 256
310 12
793 614
560 209
1210 288
508 601
423 45
686 617
134 313
1100 297
762 228
791 296
894 341
17 230
1018 64
319 218
189 432
596 646
812 132
852 342
397 326
432 563
156 195
796 690
1068 601
793 225
362 617
959 11
916 569
811 18
1113 216
189 380
109 581
927 345
848 129
772 591
912 671
325 212
1179 218
801 527
958 693
1080 40
32 4
535 426
1021 379
878 310
442 510
1094 143
866 292
655 385
606 535
478 556
529 565
807 355
385 299
572 226
175 680
453 377
993 378
120 77
880 538
1115 407
181 155
748 204
877 392
1039 239
36 313
556 647
3 303
453 451
1104 191
257 390
39 40
1030 214
1230 521
312 161
540 58
693 496
432 278
511 628
1042 691
1205 555
482 499
706 174
757 157
1220 428
177 22
1201 222
713 458
775 470
955 453
605 431
939 380
461 670
648 293
1148 102
1070 526
14 612
169 533
508 71
628 499
117 444
1192 435
449 227
1022 70
805 336
983 88
176 342
128 411
1008 620
282 210
843 97
331 121
102 209
596 23
1016 602
242 320
872 282
871 499
1034 343
717 520
689 383
873 162
182 546
1075 179
783 398
1188 32
1227 217
573 32
1066 82
1252 365
35 152
30 394
345 604
815 128
1178 295
1159 347
428 82
254 271
938 554
1126 174
78 26
7 261
223 310
829 409
757 296
231 409
1258 520
538 235
497 360
220 16
910 226
209 544
75 287
47 501
16 45
1036 421
481 431
0 482
399 281
239 102
852 580
716 109
595 338
1108 198
416 474
637 570
581 684
292 309
354 161
856 179
92 441
807 100
868 3
785 112
778 488
85 210
87 618
478 237
337 189
784 159
400 582
259 355
1166 348
610 179
676 657
1159 500
87 195
958 109
65 63
301 508
716 599
1278 601
14 152
766 105
399 617
1180 688
1230 604
230 94
777 0
414 667
85 664
83 25
914 232
299 97
205 586
1031 121
713 638
579 27
1031 27
1118 296
1277 551
1110 567
267 338
5 455
739 324
764 442
712 424
447 149
1146 499
1136 9
811 445
298 371
786 373
72 241
946 641
972 263
353 458
905 85
1292 431
562 577
616 314
804 222
1252 545
1260 455
268 187
1218 65
444 337
909 365
263 313
675 386
1068 380
895 302
138 385
111 177
599 303
4 426
298 674
1243 120
499 98
958 161
743 307
187 301
452 293
113 565
363 294
1296 404
1017 274
389 457
352 196
1161 510
1269 696
958 656
813 72
547 391
645 409
877 179
374 157
636 10
1116 593
147 341
1102 588
1082 408
923 94
744 91
49 204
811 64
1187 97
930 42
1113 187
1185 373
837 488
616 556
213 178
907 638
435 389
368 491
1032 483
754 369
789 369
911 483
203 76
118 539
180 264
1230 198
737 220
117 178
1275 481
81 505
914 522
350 327
586 440
350 96
1249 691
1176 435
166 618
1180 191
802 33
1073 609
532 393
1045 386
1078 578
193 262
197 416
1129 587
1037 144
581 689
224 696
1172 220
447 167
1208 641
1254 215
37 133
1221 336
286 427
1266 656
911 73
1138 415
743 173
1161 464
1227 486
695 121
803 382
1264 544
540 394
411 148
1236 454
589 386
789 261
317 378
507 383
599 172
1234 613
589 590
79 378
610 377
740 356
799 609
637 234
1186 233
589 130
1012 500
213 363
812 678
1178 628
1068 444
60 29
945 340
458 367
1176 198
153 500
1222 666
910 650
681 668
484 551
908 643
724 452
867 631
610 52
229 432
724 384
1292 308
24 30
286 183
1130 549
595 497
381 31
801 444
916 183
1289 618
1204 416
663 324
384 595
386 584
1061 606
1212 120
797 619
596 235
971 615
115 517
175 304
732 13
585 613
597 52
673 269
345 577
419 247
606 158
1137 52
1046 454
29 509
946 16
1191 186
556 152
662 258
1050 699
1232 32
413 141
293 113
1206 351
178 213
776 33
921 156
494 536
456 677
1031 477
779 300
1041 341
136 117
1251 408
1104 361
449 693
680 168
174 236
291 463
1021 44
1118 364
752 220
882 239
924 49
391 13
364 505
176 57
466 434
895 134
977 587
513 31
911 531
276 559
430 376
698 459
577 662
131 539
755 262
1248 443
7 225
362 76
423 560
690 522
1181 517
268 71
1109 326
403 549
386 405
87 255
395 475
1055 217
161 101
967 406
788 667
1170 205
1186 194
823 59
810 383
237 340
583 485
707 227
945 672
30 447
293 141
557 437
958 680
1127 477
388 441
464 579
836 546
1038 694
205 431
1155 85
111 686
849 630
4 328
712 232
1250 310
664 544
419 675
1159 607
782 218
40 598
164 584
145 176
1266 6
622 526
844 118
1039 440
948 699
619 288
1000 249
871 376
548 549
614 371
1242 632
866 677
694 431
505 477
73 185
932 458
1046 505
508 27
60 512
461 88
456 383
394 195
434 623
433 523
111 699
983 180
342 194
312 636
32 355
563 418
450 74
965 432
1242 373
654 303
1263 506
297 195
414 406
295 31
632 540
539 680
48 150
711 665
661 684
296 246
1297 49
1054 132
983 165
1287 389
693 439
894 544
509 550
518 34
1282 48
138 607
388 66
425 199
251 514
896 66
830 477
1009 311
444 139
853 82
1221 91
424 443
361 14
675 92
1040 523
342 168
1240 493
45 274
256 296
861 428
437 633
451 232
1284 452
241 514
227 593
963 191
21 38
831 306
6 495
752 284
1167 54
367 228
1189 107
955 194
900 138
340 522
405 533
416 469
555 355
1214 496
310 291
330 185
899 170
253 437
702 524
717 128
1043 397
153 654
402 375
124 132
572 443
499 14
1090 439
246 577
1201 682
70 385
996 148
1101 280
1041 595
357 246
55 425
191 403
161 218
194 498
875 582
411 101
833 609
751 436
258 384
862 102
183 501
454 200
747 513
1071 218
224 296
561 249
1260 60
430 312
1089 346
227 527
654 445
859 55
533 172
496 165
806 425
593 187
4 670
205 267
334 283
1109 181
135 380
1255 210
1294 322
296 562
1137 207
601 107
553 544
858 490
459 97
860 596
1212 352
661 205
1051 246
1029 20
102 97
276 332
678 143
711 660
29 282
755 240
570 204
479 188
492 370
1137 78
376 143
883 146
819 257
1064 642
35 597
211 312
281 95
244 45
490 574
1016 583
842 634
873 575
341 228
993 348
493 449
235 380
326 232
416 610
804 363
487 426
1286 396
475 280
683 586
1205 245
1222 534
557 240
1013 382
921 353
653 75
902 47
270 124
1089 583
1023 488
922 189
318 424
724 185
696 100
791 475
329 47
662 232
464 75
997 111
246 460
805 54
353 173
1181 210
57 401
1160 648
858 86
1205 626
1091 491
137 85
56 46
36 697
309 608
230 293
1192 520
734 336
508 393
208 349
802 238
792 533
984 433
844 395
1178 695
671 260
72 278
507 590
850 150
1142 211
876 399
701 376
510 376
1176 410
10 385
1139 698
1251 118
659 281
439 235
484 341
343 349
1145 37
1082 276
262 543
326 296
541 6
1134 564
729 335
356 290
451 427
187 69
1208 678
258 199
423 139
459 203
835 137
60 157
1014 405
764 20
250 242
907 165
733 456
888 130
1122 302
601 290
1255 279
1071 359
884 323
582 38
1069 419
554 142
388 227
1240 516
1247 33
975 528
171 89
915 655
909 322
948 60
403 348
857 36
33 185
696 454
1241 322
645 478
774 140
323 300
1157 50
934 292
318 524
948 109
321 669
243 170
427 337
744 295
1016 391
151 607
35 284
592 459
72 696
138 441
605 300
497 693
194 21
1008 583
1231 297
346 300
491 284
1007 643
577 425
622 124
974 200
170 1
489 581
671 479
581 637
120 578
606 135
972 171
441 665
242 397
822 480
238 633
249 265
45 217
107 298
681 178
453 553
1241 547
735 672
191 216
1029 266
568 342
676 290
88 357
769 446
135 231
185 559
231 208
1212 42
388 32
119 568
823 338
945 332
1274 251
1165 153
348 37
423 62
1047 64
616 677
576 644
1141 452
960 260
1128 370
856 454
1194 611
472 652
322 153
451 83
20 408
526 526
1120 579
353 582
515 244
1039 233
1023 684
136 551
1207 218
302 86
1033 618
2 692
906 441
940 614
724 460
333 506
1285 576
334 589
955 627
585 422
435 193
41 552
889 327
142 4
42 488
558 592
409 373
46 443
561 412
997 82
161 270
1131 82
169 669
1080 159
869 697
1051 613
1091 28
788 677
610 2
722 109
892 423
24 344
73 349
610 132
150 211
1219 75
286 60
130 595
525 213
52 639
431 236
465 2
746 404
881 334
999 551
962 414
671 521
403 653
827 633
1205 55
1035 1
988 229
350 520
1239 105
259 492
239 532
65 247
1055 353
362 187
1298 459
188 443
941 654
96 457
1212 484
914 690
346 637
508 83
831 386
343 530
238 518
724 363
748 58
524 383
34 87
556 272
772 668
352 63
739 2
1187 651
1299 576
158 661
953 23
1066 327
1089 174
966 438
912 96
191 236
752 47
295 619
1051 471
443 153
177 112
709 285
277 239
1185 162
85 44
613 479
883 651
1104 25
1244 686
1160 269
358 588
272 468
1019 288
1179 674
867 386
1185 499
1111 616
917 13
726 267
608 630
866 424
416 349
828 166
265 256
548 693
896 12
1144 425
1113 429
127 150
255 79
379 221
1105 639
1007 522
695 629
472 570
732 636
402 498
461 591
390 568
790 342
406 585
909 420
953 582
220 602
37 452
1103 265
1070 476
684 150
124 363
1150 555
699 492
762 169
568 297
356 47
1243 612
13 463
1233 208
1186 657
740 363
597 621
599 450
1291 38
646 394
258 53
1144 573
508 324
861 446
645 97
1142 472
1036 40
476 304
299 24
227 103
1048 541
39 503
114 349
723 530
943 398
728 91
655 687
695 637
740 539
170 261
898 559
442 429
480 507
35 671
1270 112
1292 171
111 235
350 320
302 468
305 57
358 241
872 225
998 312
1035 433
8 93
333 482
559 134
104 434
200 461
249 29
263 665
1150 493
1286 565
369 300
211 19
279 581
85 172
384 699
680 10
1141 367
341 555
441 683
565 687
469 648
1008 456
1165 170
1153 531
770 210
1075 138
10 435
814 689
90 154
167 48
171 578
938 690
1160 83
596 3
644 699
755 470
989 160
1237 202
245 298
345 392
900 84
1176 148
810 202
10 270
947 104
149 574
1018 133
472 564
521 113
348 688
673 9
1091 117
664 505
533 181
779 267
463 330
215 131
173 412
926 366
944 689
532 462
280 634
419 488
427 12
599 149
637 321
703 408
457 261
983 76
1055 446
624 586
534 292
711 515
92 199
554 660
1168 214
213 329
161 115
562 552
640 351
404 441
920 396
29 306
469 288
111 520
544 411
969 592
1118 194
3 441
570 458
43 117
164 699
896 30
276 419
1153 611
630 461
586 122
182 385
23 550
434 316
639 189
932 671
885 519
1095 550
1068 592
852 545
58 211
1254 586
367 470
1106 627
359 489
689 288
102 240
73 379
1096 29
264 680
260 34
513 126
1055 329
782 680
134 398
919 539
297 303
135 411
566 609
536 54
1024 207
766 138
377 237
1204 29
93 305
1169 451
327 607
1043 1
677 533
255 28
442 298
485 569
750 408
1218 31
125 675
1040 602
848 66
824 378
574 367
1253 3
636 116
2 55
1142 664
629 220
1267 597
525 252
907 285
1074 238
28 321
308 496
958 443
593 554
950 494
1190 699
305 415
744 71
614 399
1072 566
926 584
1271 647
525 1
854 468
428 387
1137 684
684 404
1126 605
751 578
1166 536
487 406
944 275
102 412
99 302
638 517
1231 403
903 117
773 8
497 295
1288 322
1254 377
254 616
119 651
1268 261
430 519
395 130
707 430
790 522
137 634
1079 259
370 162
336 138
641 357
646 600
370 397
578 561
1052 516
977 482
1187 310
325 382
160 463
1265 98
1075 263
40 192
68 494
61 421
590 52
419 513
575 203
132 2
17 353
484 20
773 114
436 347
266 616
188 665
357 68
849 468
1041 56
783 415
1256 467
99 464
742 165
624 450
1047 106
349 506
803 287
818 290
469 309
689 112
562 388
877 45
1054 152
127 139
271 305
61 434
317 92
1169 372
1056 299
1274 513
331 373
176 473
962 84
1087 551
11 685
570 643
204 141
693 303
823 522
1003 273
1243 21
814 101
1209 629
290 399
485 76
265 604
343 666
756 6
777 527
525 466
92 620
112 371
429 22
224 214
402 176
388 24
426 304
1256 161
103 590
276 485
27 289
589 3
654 629
624 72
961 449
172 424
1266 606
217 385
222 84
395 674
446 360
161 510
539 92
199 45
768 527
803 191
625 698
578 333
1179 177
785 33
1285 420
880 638
690 555
437 311
1058 71
677 201
726 649
451 89
489 311
456 621
1 375
120 187
234 273
113 675
53 184
914 118
386 103
317 183
1029 257
757 625
1254 263
497 685
36 408
622 497
1053 337
881 359
1229 538
108 451
929 274
1142 525
416 449
293 224
1216 529
614 460
673 499
22 122
537 526
1221 252
583 585
155 665
1041 181
149 318
157 474
735 487
566 367
782 75
492 205
863 528
1031 179
1165 102
636 597
312 265
705 414
754 185
511 91
834 354
1285 215
779 179
143 312
583 575
147 352
130 19
1010 680
1151 47
1254 352
1248 359
392 618
189 20
349 304
1075 619
311 677
61 331
562 303
951 659
1269 505
542 431
408 606
472 95
597 684
980 414
747 483
633 648
113 541
1023 303
964 293
1175 484
1125 25
1191 555
357 628
261 65
17 28
1243 2
1151 384
286 628
4 117
655 68
598 139
89 691
1182 59
1297 550
433 134
176 664
316 278
1124 61
586 579
651 18
100 256
834 635
1063 388
1111 300
60 311
489 97
771 277
487 280
788 307
315 494
297 533
672 436
287 41
918 249
142 319
469 133
984 473
630 303
809 368
608 7
565 255
1021 100
648 344
539 625
989 372
182 519
1224 151
964 117
564 400
342 38
724 472
744 315
240 0
676 691
503 184
203 626
644 633
30 514
126 456
362 42
660 53
531 95
760 596
522 279
86 648
356 96
866 523
727 412
1176 112
495 567
752 150
21 173
235 74
269 547
44 637
754 26
1079 56
715 451
1004 38
285 506
1069 118
1231 667
490 18
825 174
840 538
25 211
430 505
339 346
246 248
53 30
216 13
1149 66
673 307
820 210
667 123
1199 306
638 51
699 691
325 207
134 169
287 531
578 293
1064 469
217 593
387 531
145 276
1165 288
1174 573
826 640
1028 243
904 194
805 146
530 250
1035 267
940 431
1074 28
858 424
11 311
606 356
1289 249
1176 45
298 53
766 194
229 646
1203 658
1128 411
1103 555
722 406
368 336
165 89
19 475
685 197
791 418
30 462
1176 303
13 405
697 474
788 61
773 73
184 424
55 503
7 531
272 379
192 289
479 527
1182 45
605 444
1097 174
1029 63
489 328
947 483
40 87
1297 535
1273 682
404 147
363 638
939 620
522 201
843 692
684 541
512 499
1045 635
961 349
235 400
811 622
1028 156
1119 532
1233 435
866 505
926 322
1069 484
1127 209
739 621
555 163
1091 268
141 76
1135 689
38 675
250 78
112 475
1238 70
77 578
932 527
294 65
507 333
683 480
790 159
890 50
281 680
76 145
1083 378
1292 374
750 665
64 173
880 256
582 161
1259 322
1167 138
1033 83
986 65
1268 316
1068 571
297 138
347 256
713 327
1287 553
75 121
1297 339
1293 689
1020 75
1214 69
450 309
872 316
1184 319
478 275
418 630
1189 476
1188 628
982 616
574 71
974 649
332 313
483 389
442 17
1156 246
571 430
122 592
147 70
1131 93
387 170
960 198
959 217
802 681
1260 261
332 622
85 444
1164 197
614 626
939 449
601 441
1220 507
752 41
292 277
466 498
172 657
1010 654
280 268
291 473
15 199
97 100
1220 309
1117 170
646 145
509 145
955 154
1034 200
1063 6
1144 6
934 103
956 619
1064 627
780 349
15 330
46 653
470 518
1228 315
509 163
906 303
591 75
176 223
124 635
135 214
354 312
535 644
764 366
1209 406
232 418
240 155
760 363
161 411
399 436
1153 343
1120 267
783 612
1196 257
280 306
797 384
1072 389
1276 82
221 290
470 65
967 448
986 573
271 395
562 451
717 88
196 157
888 15
683 121
318 529
99 547
764 242
25 476
279 280
857 174
1299 329
787 95
950 319
805 114
646 264
1267 638
90 636
860 232
578 186
961 54
692 59
721 456
82 568
668 488
1028 41
121 685
633 380
302 170
304 516
248 73
700 436
133 669
780 595
1211 438
1298 92
1154 16
216 165
70 61
317 144
1021 263
491 103
729 390
502 145
979 140
6 77
428 657
436 483
503 497
1223 699
1269 546
278 440
903 607
328 578
14 471
394 504
1092 664
1237 319
821 671
1041 507
626 77
909 610
897 348
885 80
970 421
1118 538
774 197
468 8
68 212
411 642
973 596
862 307
422 335
330 229
850 318
199 318
378 120
1276 590
753 619
220 562
482 563
554 85
425 416
786 446
623 174
855 108
1253 523
1265 169
313 464
1165 639
66 410
1150 58
739 593
704 291
774 178
502 289
66 253
273 4
995 394
1168 96
1130 301
530 652
1163 64
593 524
791 320
255 558
151 313
699 519
614 262
50 251
188 459
231 1
330 302
614 568
640 506
100 696
556 291
35 434
1291 128
483 260
175 373
537 207
1108 126
747 377
488 687
1151 107
71 291
634 27
787 604
381 565
1212 468
1242 679
1295 397
763 349
661 329
804 122
829 262
477 331
750 671
412 254
486 207
316 302
1172 609
1116 476
957 247
896 41
590 402
995 63
746 491
1202 524
454 401
148 594
196 211
325 315
402 593
409 570
1298 18
1166 270
976 121
603 129
843 282
160 133
77 526
542 122
1134 60
632 259
784 179
720 657
68 229
1262 639
367 131
1224 480
1273 579
1095 237
1038 322
260 508
1051 346
378 74
782 344
819 444
1283 623
303 657
356 570
993 248
288 233
274 506
223 112
435 255
285 446
722 325
516 549
1264 91
13 241
621 438
938 405
588 356
42 147
175 405
918 161
330 31
445 546
229 219
156 453
150 649
397 310
675 138
756 697
661 469
159 429
592 377
105 371
985 147
1141 619
651 692
760 322
866 19
370 683
283 495
241 53
483 544
833 505
142 252
679 687
1102 459
726 98
827 655
205 382
705 191
27 119
1059 282
1103 653
244 364
339 416
639 671
651 603
578 589
286 422
312 89
1100 347
1144 107
646 488
225 690
623 314
1148 591
470 321
264 101
48 601
719 502
1279 478
1292 393
1149 278
666 647
891 184
770 576
1034 549
157 34
62 167
938 525
264 469
513 355
854 10
559 324
435 35
1174 650
745 326
387 109
48 411
1145 306
132 334
684 353
1293 647
1061 615
216 483
1115 648
171 494
1014 17
735 90
796 352
989 404
1214 396
655 291
1241 41
363 362
841 606
1154 31
773 504
96 591
951 612
606 221
682 60
1152 510
1206 337
150 247
992 33
840 227
509 574
531 3
280 600
1079 609
427 185
1218 488
444 128
841 378
504 159
86 433
1229 234
895 336
725 201
1205 154
444 373
372 4
1265 231
184 33
969 547
233 285
498 500
1183 546
1220 493
860 220
853 490
1220 133
692 106
303 409
875 15
284 314
1112 398
53 174
603 569
721 214
1168 406
961 603
218 450
1186 294
1055 157
935 1
173 280
221 647
972 104
374 608
3 147
502 648
1152 476
145 143
998 261
355 219
268 640
273 163
232 33
141 49
3 0
1047 517
259 447
1263 128
559 120
1194 301
211 377
997 188
846 519
566 63
698 643
1294 15
715 249
611 293
241 163
121 225
987 295
538 633
9 144
98 29
402 267
974 184
198 304
1235 674
1218 324
158 315
239 493
413 491
170 416
112 630
644 313
880 342
272 245
1284 111
642 294
1119 346
16 33
194 394
179 130
582 361
560 567
1260 485
444 471
1128 623
1235 581
11 344
674 537
733 6
334 325
794 125
823 459
1207 585
885 501
496 35
584 607
41 362
643 401
1178 496
227 225
402 487
1139 130
1131 343
981 641
613 338
1068 668
1191 681
341 140
201 583
478 409
124 423
153 2
1151 666
72 553
493 551
863 512
1111 22
989 271
678 0
1034 251
180 53
1087 262
1139 478
1182 148
217 333
374 504
188 645
96 262
681 466
764 509
433 424
79 349
987 36
1019 500
371 14
276 520
438 375
565 558
965 101
893 384
188 506
1053 25
579 626
1098 274
625 558
233 501
807 179
287 410
557 28
193 70
462 466
252 208
575 638
1135 184
1097 619
622 600
14 185
1040 74
713 418
331 498
363 484
263 298
962 133
1066 618
616 471
316 390
755 306
621 56
288 148
185 477
764 401
735 166
241 474
938 45
283 130
970 499
458 286
259 222
672 29
846 102
121 463
313 596
974 14
560 494
592 607
1001 322
411 597
204 104
1249 470
911 685
839 304
697 526
141 524
1289 221
212 187
839 639
446 11
322 567
175 186
1009 637
879 464
340 400
455 120
838 106
381 285
1097 395
624 677
681 101
910 256
1076 437
400 220
1236 141
557 307
184 336
24 261
1153 234
531 583
508 204
1180 230
1085 487
310 381
713 590
1190 486
1163 304
964 178
2 136
730 330
67 614
877 352
685 446
7 483
1021 633
911 24
447 93
1058 287
1112 4
209 324
745 275
1291 235
1075 699
272 563
94 222
585 251
433 673
357 575
336 434
484 49
631 95
245 520
1271 517
138 147
751 573
685 648
460 682
294 210
584 235
714 356
845 594
174 400
412 697
790 302
959 549
399 539
350 42
1193 421
4 505
201 183
287 109
1292 204
754 385
616 101
341 15
652 415
359 668
17 93
773 109
92 281
184 197
1139 289
173 652
816 639
235 186
1023 199
164 375
996 674
668 293
583 180
845 446
1166 397
455 34
62 372
247 224
846 570
1097 21
487 173
304 457
928 76
1209 370
119 39
196 181
282 257
43 177
979 467
458 692
1227 157
899 260
1081 667
1174 229
1117 243
158 523
1256 43
930 563
1252 36
1260 440
1270 43
467 564
785 481
680 484
1227 594
1164 188
658 338
917 25
339 534
818 414
875 542
698 278
471 506
710 436
1153 288
580 101
320 613
536 240
98 474
778 431
574 165
277 361
1171 64
1 577
1168 442
819 75
992 319
463 317
143 18
421 610
1087 62
916 447
1030 430
1291 540
498 233
582 94
76 330
445 489
697 426
810 49
219 212
230 682
189 395
3 64
561 516
1173 478
497 117
256 693
73 469
560 352
160 160
1 406
1019 241
1169 563
1218 574
565 2
797 538
1225 291
584 135
406 126
548 322
891 247
475 143
939 155
450 483
552 410
515 158
1175 154
1005 244
1129 3
339 549
732 685
1161 207
722 494
832 459
524 436
358 35
471 37
117 339
182 570
51 472
348 656
830 249
153 271
119 610
83 100
116 300
58 549
959 146
427 350
1236 218
291 567
1134 637
1010 366
925 149
327 347
432 216
561 7
90 269
860 576
919 217
568 504
915 628
472 111
882 684
1217 318
1163 622
952 644
1038 50
893 610
277 321
784 474
337 273
668 513
627 177
1292 469
645 584
1207 261
716 33
161 588
1051 257
539 664
168 448
276 529
633 139
171 194
889 497
631 37
5 395
528 376
293 75
627 380
255 379
1265 471
371 271
1058 137
1133 414
810 460
741 134
258 409
77 539
418 127
486 665
346 265
271 205
782 137
222 362
184 371
50 230
702 62
363 300
941 134
380 95
767 122
332 413
399 602
91 508
168 332
7 679
444 601
1049 268
521 432
1225 207
1103 429
588 113
232 66
1225 303
995 455
320 244
1009 183
116 208
421 239
898 502
80 363
464 642
1092 630
1130 466
329 660
759 382