3000 50 80
795 399
994 415
110 506
188 28
1226 509
480 613
372 570
89 503
610 130
1237 149
313 104
1281 525
800 184
770 267
83 29
172 372
651 286
1082 197
1245 524
447 437
292 25
514 470
624 389
178 132
845 296
782 60
768 483
1109 618
821 373
232 534
273 685
628 530
919 213
979 507
340 47
906 503
311 453
513 599
1131 402
35 561
627 667
170 342
933 528
200 30
978 464
375 50
1080 489
553 468
417 296
379 405
671 695
690 302
621 116
554 94
53 512
116 171
961 40
957 375
756 410
407 304
495 459
407 246
522 688
115 216
86 484
850 544
1275 203
998 493
666 409
1088 499
593 211
356 624
979 359
1046 204
503 252
250 60
981 382
1135 553
283 344
258 281
656 594
859 487
45 200
234 575
885 509
1252 247
889 471
804 72
446 142
944 634
1232 402
963 92
1297 237
912 162
1246 618
1105 17
48 456
741 32
203 108
600 246
993 75
858 683
1024 579
804 390
448 13
821 1
790 339
866 376
673 0
484 645
1205 22
451 568
719 291
502 317
775 130
963 239
956 322
153 593
105 5
311 23
482 339
594 237
802 491
601 102
116 18
132 623
49 270
1293 104
1046 669
322 61
858 53
1098 184
41 592
337 26
75 303
1202 216
344 415
1288 163
212 499
1044 280
454 432
886 247
425 174
1288 175
998 27
848 282
274 522
907 574
982 37
450 582
1111 633
66 495
853 503
609 160
978 127
733 604
655 140
1297 441
915 432
385 357
206 123
638 465
1050 551
2 178
120 241
263 539
1121 459
970 80
475 68
68 544
706 641
854 612
832 194
619 476
966 604
29 380
720 529
164 275
130 598
500 21
1185 513
420 158
523 102
925 674
62 511
367 266
888 355
88 696
1074 220
122 593
1254 139
403 447
967 84
79 445
831 459
182 72
15 380
254 285
1020 502
833 389
402 699
1164 588
859 616
399 307
467 468
941 449
418 89
736 352
263 564
540 278
219 136
25 323
983 494
1003 536
1157 636
1131 425
125 537
572 565
1036 476
142 389
262 332
583 249
1202 668
61 8
144 366
908 186
734 242
826 671
702 499
521 0
292 191
969 168
713 292
1283 168
14 597
483 109
326 19
689 475
408 155
1295 325
456 10
262 519
212 518
617 485
825 23
1123 388
324 207
900 486
980 227
690 395
871 74
218 143
746 598
354 27
11 490
1058 203
452 333
1275 382
527 651
78 8
676 293
1289 10
216 180
353 250
59 472
115 671
297 595
412 672
1001 482
583 663
366 363
840 533
164 639
1116 395
277 0
565 344
1218 344
950 63
164 254
882 80
681 327
535 680
521 579
882 465
1007 459
359 304
619 171
624 285
85 559
303 283
714 237
1011 559
123 647
625 147
831 401
866 251
351 194
583 61
580 148
1080 108
318 346
643 296
546 430
1058 553
651 233
367 99
143 502
812 321
845 495
533 352
1298 332
16 153
1273 262
386 135
828 488
261 608
1081 357
157 435
498 559
418 567
341 444
646 40
910 399
1022 381
1175 665
1140 696
1117 480
484 402
693 644
715 481
1040 108
831 115
459 58
135 290
618 625
892 629
1200 638
1085 125
556 411
474 454
807 670
220 650
577 136
420 180
537 566
183 162
342 615
328 324
980 697
64 0
345 56
135 224
15 553
518 182
639 480
599 564
977 215
505 287
767 693
272 581
1209 531
1192 304
889 303
813 570
1159 605
743 575
1079 594
731 33
463 624
430 697
1274 511
863 458
994 217
1096 231
923 270
1002 431
921 587
874 162
665 227
401 341
657 42
1014 45
1118 185
111 592
915 599
1126 212
417 469
139 107
774 538
1147 542
1138 4
682 250
631 177
1241 437
1292 613
940 674
986 186
129 454
724 170
623 352
294 13
574 407
629 320
463 431
163 111
203 419
685 79
794 174
13 425
74 365
9 221
329 83
1151 528
258 603
1170 591
486 239
1211 123
374 180
172 555
563 280
717 285
923 358
305 73
1099 548
386 20
97 342
1290 72
87 384
119 632
727 218
920 323
571 230
857 423
933 146
626 175
871 496
332 5
121 543
1159 642
1233 597
1111 338
673 102
660 486
446 61
213 241
941 279
24 562
798 667
637 520
917 401
825 582
606 82
998 190
1105 4
694 529
325 528
506 86
17 92
381 620
434 276
303 259
413 246
825 314
481 305
554 605
859 629
965 658
350 228
254 506
848 396
34 381
809 385
586 182
1212 582
604 77
30 298
105 490
264 103
484 503
552 375
1142 100
847 688
4 610
1017 171
801 25
225 225
1107 607
493 681
467 325
1203 142
701 578
153 5
149 317
133 541
277 255
1248 393
581 373
1181 520
504 642
1019 359
753 692
269 439
101 269
1191 524
1027 54
1186 324
409 380
295 7
925 464
1289 689
947 189
561 536
42 13
558 116
1256 237
1127 656
895 508
195 664
52 33
1034 304
453 181
1086 447
570 244
765 62
169 656
170 436
1024 90
1130 97
1227 423
732 489
1265 63
105 88
198 677
866 234
993 564
1098 76
1046 463
39 587
73 493
954 685
974 27
1194 486
829 520
836 492
301 253
712 348
534 368
1075 407
190 257
748 234
83 396
824 631
364 1
1118 16
331 260
716 370
1265 283
16 671
114 132
977 236
1149 156
596 108
581 534
563 50
911 96
1191 317
772 444
386 404
855 381
745 312
1027 320
99 541
582 384
1056 299
373 89
230 587
1239 618
1108 43
1221 351
1094 669
194 219
200 660
876 550
301 138
43 125
1062 269
920 615
900 252
1079 481
55 399
887 69
963 31
942 172
990 252
1099 15
1236 105
546 348
1212 291
650 5
217 270
133 43
495 107
817 176
1085 246
1252 501
850 107
1123 491
453 492
446 522
243 331
939 58
495 76
627 687
126 255
477 19
665 326
610 104
1033 333
798 112
546 188
671 659
1194 685
1045 389
678 14
724 56
584 138
487 278
680 349
387 379
433 558
1294 428
639 689
768 504
1158 246
621 658
518 357
1025 699
229 482
1249 17
797 66
1295 257
930 238
65 430
41 100
804 530
47 432
550 337
543 679
846 508
4 605
1154 19
58 21
887 699
688 379
1189 460
376 377
1084 164
1223 396
231 470
1034 43
880 533
774 279
712 308
180 294
678 497
1019 306
709 55
181 275
3 212
560 557
847 322
403 658
1178 0
1272 526
253 493
550 136
1142 330
132 513
522 341
1060 253
1091 215
624 89
36 649
914 611
1283 361
191 495
568 32
181 418
613 689
29 316
743 65
30 423
1182 9
438 605
408 540
520 65
1262 399
494 170
751 121
14 63
1247 639
75 358
604 600
992 162
838 58
884 693
815 299
905 419
1267 97
556 628
248 672
1060 616
1046 15
581 79
968 545
1260 589
329 98
1073 414
1275 36
207 432
406 186
1045 324
1161 527
53 288
878 637
711 556
727 482
481 529
31 586
573 464
1003 46
154 668
589 203
1160 463
755 296
162 128
1046 238
113 85
67 173
737 663
109 570
1118 83
743 642
203 565
1299 278
92 432
405 476
92 134
1187 545
47 121
206 458
1264 18
871 684
844 484
997 357
440 145
232 311
1297 363
77 384
439 581
267 684
196 586
897 515
616 31
972 668
256 37
1053 304
237 554
617 50
369 562
55 234
383 287
645 97
904 103
1190 451
310 481
515 128
787 419
759 281
1218 499
1268 307
1017 136
412 438
13 504
222 79
69 214
138 335
1089 658
925 231
204 162
1111 174
1137 666
971 260
426 417
704 444
330 381
30 104
154 463
361 279
23 211
241 605
1127 515
1137 418
151 306
1074 561
335 48
823 231
1022 516
673 284
97 53
544 38
713 365
401 292
271 697
832 421
661 127
718 169
1282 414
322 320
339 260
1004 329
1017 552
368 151
353 477
553 142
1097 117
426 230
429 248
968 55
97 686
175 293
842 38
384 296
1265 92
1214 607
204 570
31 136
795 363
1295 307
1183 34
550 22
1085 273
735 276
890 459
872 456
927 172
355 538
861 364
663 92
1171 74
282 290
417 525
129 694
388 469
809 239
322 444
75 342
158 623
305 535
528 629
819 525
640 643
140 355
1043 329
607 288
914 542
332 56
1078 514
680 449
678 650
547 66
294 479
7 173
79 353
142 291
874 354
935 269
836 214
897 94
859 358
530 202
1216 234
297 336
1247 49
1087 474
1233 307
156 631
706 394
189 427
596 407
647 534
931 649
509 457
855 526
397 163
235 622
294 698
571 132
71 55
1105 91
845 133
278 473
688 486
1122 571
206 379
1232 202
404 224
712 519
795 452
898 396
1149 17
224 234
413 83
271 504
1135 193
76 145
125 674
452 576
1011 254
1237 98
427 184
14 438
632 214
379 524
405 518
272 224
693 341
1053 619
307 227
242 119
244 207
355 662
1189 254
688 661
961 526
347 516
1095 104
888 567
354 686
569 402
186 15
573 116
651 464
1233 242
868 627
852 263
300 567
1155 261
970 309
137 664
718 456
1068 667
1075 20
1260 439
341 666
686 15
955 150
1048 445
846 343
996 324
487 483
479 248
47 109
276 340
1189 431
986 457
886 148
782 404
814 38
36 67
745 215
920 164
342 312
288 343
473 190
1259 316
94 447
1168 540
389 480
448 668
1012 299
145 528
681 378
1202 613
667 146
210 158
790 73
193 31
1068 207
58 572
586 409
918 527
1064 6
880 75
663 610
282 589
95 140
1242 475
1191 197
543 367
943 414
1030 663
872 147
533 187
598 636
867 602
1031 598
628 586
850 78
391 505
308 212
680 397
224 392
841 515
43 316
712 630
361 522
413 59
80 180
537 199
1050 208
900 376
976 91
1033 119
414 72
975 392
671 510
98 437
115 26
23 149
655 632
1299 199
324 241
451 92
527 147
1141 472
392 669
906 533
1291 607
532 116
61 661
641 256
1169 221
947 447
997 95
1129 105
884 370
1145 651
872 49
1183 431
654 68
892 230
931 348
397 231
743 399
978 52
369 189
640 203
653 602
1046 317
918 35
1056 176
967 194
360 211
312 510
1152 590
856 0
152 360
110 453
516 96
875 346
937 538
1229 165
1066 167
259 378
889 252
352 199
1276 596
985 310
960 514
242 637
103 391
934 630
7 303
104 97
240 147
787 6
829 474
1215 6
245 239
21 279
774 92
508 232
1111 39
1282 408
61 268
701 660
319 589
21 604
1207 682
481 367
357 531
76 483
1122 131
540 217
783 669
435 40
1096 239
129 506
750 662
443 595
421 208
1214 336
844 583
230 604
695 316
983 67
301 398
931 596
1095 613
540 354
760 354
415 326
978 375
1142 113
566 349
55 502
331 412
555 656
380 507
1260 412
1242 249
92 110
727 416
1216 318
815 614
641 582
79 519
892 294
269 250
430 148
1037 616
481 603
454 655
532 687
800 303
258 67
1201 175
762 3
267 319
1120 538
493 350
1049 300
325 402
925 508
665 662
869 651
973 266
892 393
207 269
843 664
474 180
704 37
670 522
755 671
1283 379
793 520
750 31
528 49
1159 68
880 610
359 320
1268 124
532 476
10 74
1292 695
953 120
764 387
668 80
232 662
1225 656
489 104
149 269
1245 389
1023 635
1068 173
1293 333
659 208
954 139
859 402
596 20
209 137
482 625
829 177
1218 583
324 285
1090 548
853 561
422 335
1180 264
191 323
241 650
50 79
273 241
180 690
726 286
1019 418
126 205
1068 141
610 92
509 476
306 413
163 647
332 26
1036 96
558 327
780 214
747 432
907 297
85 222
151 551
572 102
529 40
203 70
1220 548
459 448
286 370
710 644
1058 117
988 274
461 454
622 251
462 279
1038 316
664 592
1132 574
329 436
542 183
1241 481
1108 509
996 623
1255 442
602 664
815 649
1293 40
936 546
359 553
831 664
1075 362
1148 179
467 160
730 205
270 380
85 685
1286 63
25 553
390 689
190 70
941 286
605 531
1214 379
936 35
315 405
463 413
618 384
747 117
227 633
248 325
4 384
461 105
870 201
443 543
555 510
956 663
116 410
399 681
681 578
1181 321
7 194
873 260
475 589
132 351
707 84
330 34
32 8
571 456
265 556
858 110
25 397
181 27
1003 557
432 302
22 65
971 477
1210 557
1192 111
1203 586
599 378
370 503
925 325
714 641
48 295
923 535
24 309
848 614
759 144
1299 206
667 447
241 416
943 118
723 234
1134 632
1108 148
1104 70
558 8
1264 432
373 4
214 646
736 455
918 661
616 580
840 73
1298 698
376 647
784 464
1045 36
541 518
849 476
766 619
841 150
950 400
145 696
290 676
285 109
238 135
1192 326
527 305
339 132
792 533
120 150
534 499
217 383
488 572
367 327
55 277
859 10
1144 27
855 34
1255 298
485 272
735 640
110 501
1122 11
605 321
1019 540
1170 19
5 455
1274 44
560 181
354 133
903 663
1229 107
357 517
547 642
26 583
249 522
1129 36
371 553
208 478
646 514
903 520
797 472
370 441
1291 479
171 545
595 312
369 592
559 563
1017 535
132 127
887 530
187 81
142 372
267 8
889 58
695 47
566 371
804 45
1097 45
42 401
918 441
552 687
712 574
1179 61
415 113
36 391
698 171
889 648
1194 133
525 437
979 590
86 615
822 192
750 19
238 665
651 390
837 402
515 253
1298 383
1144 267
806 567
814 362
750 609
204 299
363 29
335 363
485 395
1189 96
503 500
897 371
31 630
132 121
194 101
630 677
563 442
1277 278
824 263
275 545
1244 691
558 80
1288 434
840 451
390 439
1246 502
691 90
128 141
493 585
258 215
1044 582
764 294
356 182
1102 473
884 484
1177 275
259 91
508 610
9 570
1141 661
1215 211
1249 164
1046 699
670 494
586 242
621 671
706 10
720 118
626 509
633 547
784 508
834 126
1109 434
261 446
52 176
1169 339
1181 290
187 311
1008 612
412 342
712 279
1114 96
607 48
432 327
297 409
721 691
1134 331
315 14
185 229
1251 42
570 648
1282 386
424 140
901 479
756 160
566 65
478 521
737 607
660 295
587 573
1063 409
654 221
1135 389
95 26
1208 452
1256 131
130 321
1120 407
591 258
1238 202
1155 427
1287 553
695 142
487 160
1275 296
1141 608
1176 300
199 51
111 521
512 401
414 145
1155 683
137 429
539 621
1212 273
409 94
509 223
879 504
117 428
1180 347
327 394
939 113
674 643
599 187
1181 269
613 465
1014 697
284 185
608 627
45 77
659 529
489 544
1267 373
293 552
608 663
706 251
1284 122
1085 634
614 181
833 343
851 225
424 549
1003 132
288 450
1089 438
937 100
898 684
73 293
1277 440
679 364
1127 160
519 161
875 62
27 661
546 477
72 101
1137 533
308 29
843 577
710 132
72 187
1262 36
579 659
97 128
524 365
266 220
722 597
407 567
313 650
376 463
976 539
462 186
603 486
519 563
894 246
672 13
1035 495
280 499
780 453
1051 669
1128 432
1043 125
442 684
3 524
243 271
76 171
128 647
962 349
716 40
546 626
1173 529
621 16
399 332
1161 454
600 41
164 17
532 430
683 498
700 69
59 13
28 196
1264 524
744 499
1118 105
1183 127
1236 221
1140 392
1063 223
614 62
733 531
811 168
478 360
648 588
298 309
129 79
1087 92
110 60
1125 377
1051 614
491 446
1234 535
96 510
1217 158
106 441
28 221
894 488
717 263
48 464
833 278
432 522
890 22
1142 124
1279 404
1049 96
1000 689
1232 420
261 682
610 617
507 257
884 179
918 315
85 24
342 357
1228 74
300 511
1127 353
215 312
420 328
260 28
1073 3
708 15
639 528
1092 207
1271 368
225 681
647 499
467 658
554 595
1118 521
56 334
34 579
827 42
697 338
1251 415
199 309
977 22
1287 334
206 283
351 94
717 319
1288 447
574 149
1216 410
108 555
431 167
1175 70
1267 226
776 643
302 62
1233 356
900 696
1220 483
820 665
1267 389
937 652
83 338
901 321
26 162
1285 470
949 455
507 615
1119 35
638 348
394 471
391 24
1276 137
491 87
904 270
665 491
1110 497
1029 491
573 5
619 695
1223 180
1047 626
157 686
898 277
38 288
543 329
1020 268
964 432
260 252
1081 437
1059 536
178 377
190 435
489 0
316 181
770 148
142 181
854 281
152 419
1039 539
85 519
78 407
134 484
784 298
846 332
940 295
462 196
1236 679
200 610
1066 573
1120 438
735 13
1151 338
163 297
234 126
42 255
790 677
352 457
646 575
513 184
1225 33
416 212
176 180
316 19
241 410
221 361
734 160
992 619
157 293
539 263
1086 344
1116 317
970 614
664 69
675 210
1122 476
846 354
428 53
1021 279
557 650
681 173
708 230
170 377
227 591
85 148
742 699
121 116
811 27
1238 297
1024 567
778 445
773 334
287 459
312 332
92 267
787 362
125 135
348 32
1031 58
185 659
1168 518
363 463
930 494
1270 143
478 466
368 668
1254 162
343 626
976 547
395 118
701 317
1170 296
392 266
707 655
93 285
416 407
44 210
997 468
133 585
409 510
24 247
1131 75
442 696
752 36
268 155
76 421
930 620
1068 446
810 405
277 298
535 120
917 383
66 697
154 31
1149 608
1032 485
760 516
532 403
363 111
770 614
766 230
772 180
294 489
440 463
245 92
519 153
428 614
160 600
807 293
388 302
267 546
31 182
862 595
1218 14
1202 461
617 325
232 280
536 9
169 141
112 205
948 643
476 663
297 616
475 515
535 95
711 381
366 553
533 482
391 248
668 41
768 326
265 423
953 415
1154 659
168 568
599 656
1144 485
899 352
806 132
202 232
122 62
899 327
1125 282
1189 21
230 508
1273 578
996 432
931 6
659 565
593 605
145 11
126 479
1100 130
104 507
1190 5
1249 343
557 548
928 268
987 594
820 394
38 189
118 222
1229 277
599 695
118 34
1139 591
566 275
213 358
1094 260
1262 391
1149 622
212 258
406 237
657 391
26 132
404 414
640 115
774 305
919 82
1243 115
359 509
288 383
19 514
702 191
1205 643
554 529
1254 77
522 319
1184 570
827 30
1009 471
1281 85
506 599
275 44
972 685
54 489
462 400
1041 626
41 676
1053 529
1123 401
1092 293
1138 563
1198 524
606 376
991 612
92 249
1250 644
0 277
452 380
724 207
516 195
936 604
56 205
386 678
1078 666
697 593
649 171
442 432
219 657
1292 440
1243 570
1254 109
1231 144
321 92
303 20
600 321
1267 258
309 625
616 567
650 24
299 562
141 325
1157 32
1269 632
1016 321
950 389
986 444
146 662
1071 263
1065 35
655 228
843 326
209 393
430 363
1098 586
590 377
920 696
800 418
401 208
88 123
175 281
761 329
261 142
384 514
963 615
318 659
1044 350
619 152
614 242
1211 151
549 296
1218 662
1065 61
1270 573
969 246
987 100
921 489
13 627
520 37
55 577
824 339
595 484
290 62
252 145
310 669
1192 469
938 519
359 153
1262 568
2 551
467 631
1290 149
270 661
689 347
54 482
34 109
163 433
1278 315
553 361
801 550
683 152
163 409
1027 14
1066 273
921 349
387 39
632 112
1200 692
658 408
484 513
677 178
613 227
1248 315
224 532
1211 463
953 254
1240 511
467 582
482 236
348 46
60 53
871 549
363 19
1009 532
1189 508
645 32
993 586
84 275
149 40
595 325
311 292
801 94
1129 49
697 420
639 80
104 638
127 114
93 172
1065 78
1114 659
910 191
783 257
769 354
959 100
406 681
778 108
386 161
28 203
251 423
712 468
388 544
880 670
316 205
1223 336
442 239
1256 52
1232 341
762 395
339 94
38 72
44 408
959 278
650 59
1147 594
608 418
418 654
1156 468
1029 262
924 441
247 45
350 261
761 546
1269 461
100 310
1008 522
942 393
659 168
225 290
527 318
396 78
592 77
877 43
1153 645
171 390
836 311
933 609
820 457
883 58
2 580
1051 372
303 550
69 195
613 539
1064 312
704 531
360 595
391 683
390 335
179 105
1030 361
1113 261
1104 630
660 328
60 26
107 354
1033 10
861 258
111 662
808 176
1241 84
186 334
708 146
345 479
1280 659
741 77
164 162
150 665
5 5
1298 422
833 82
808 351
622 634
179 636
444 289
222 645
356 424
1108 290
914 500
1196 535
145 554
782 346
207 310
564 135
1000 366
907 116
1086 379
1249 296
913 312
1253 25
83 283
533 256
745 351
140 97
726 648
1077 463
613 13
851 99
685 543
1013 614
664 678
131 220
966 281
83 141
144 246
50 347
69 252
835 176
119 511
1093 688
155 443
701 216
208 336
243 304
696 164
473 443
170 20
1205 159
297 571
757 107
1112 26
171 671
225 35
1134 623
609 542
903 681
1093 135
143 444
1298 19
540 178
670 601
3 622
274 306
4 343
1104 257
782 648
644 637
71 650
483 176
1282 136
332 674
27 679
314 392
414 401
1088 198
1090 26
176 492
128 637
792 576
1284 610
1 687
688 207
881 298
163 546
179 64
167 596
977 275
184 170
259 297
766 344
1038 50
682 38
162 488
561 593
1063 604
640 184
517 19
1056 691
61 187
89 11
712 619
731 542
673 474
1150 464
936 325
205 329
1005 188
974 563
448 224
1006 645
172 256
976 525
463 344
1103 107
202 37
554 105
27 58
667 190
954 105
577 155
37 11
999 680
64 569
867 526
763 493
534 643
467 122
250 151
642 62
1254 494
787 548
1154 545
640 342
969 277
798 310
825 167
851 152
1287 97
1157 117
256 540
905 144
433 617
474 244
1172 619
114 651
666 513
340 521
164 510
1163 518
1243 416
665 457
692 113
308 683
236 196
633 498
759 609
869 172
1150 151
1287 214
562 84
607 536
878 627
479 315
610 142
700 626
1078 138
550 128
702 636
135 468
264 299
388 236
1237 565
157 323
1284 0
71 82
273 119
262 314
39 465
1025 654
532 436
231 81
942 109
363 233
815 105
83 203
394 610
1045 245
490 24
71 669
588 642
743 657
127 547
1033 588
879 399
1132 25
1017 559
956 291
548 265
1017 4
266 628
503 519
1155 392
1012 55
174 87
948 97
73 18
219 621
558 299
47 9
501 402
514 174
198 207
659 17
566 658
320 474
821 619
639 276
376 225
590 530
994 400
991 307
546 59
1214 301
1073 395
9 620
560 344
180 195
1052 680
1181 641
480 81
504 223
1148 656
598 373
200 137
525 167
297 262
1015 583
216 7
745 124
328 588
611 5
1245 65
211 656
478 374
998 317
1246 491
449 413
1252 606
568 318
356 460
11 367
50 647
545 324
1295 84
747 69
1129 600
145 196
768 223
73 638
1034 383
426 393
661 362
652 412
245 579
674 390
713 435
1199 91
374 632
882 548
62 39
955 67
973 638
1123 596
343 472
186 372
504 99
1170 468
141 478
820 448
783 274
740 368
1246 139
143 609
821 327
1160 495
736 92
819 512
1238 453
1106 266
502 429
24 544
1087 652
267 118
1228 446
285 519
948 691
767 141
504 364
701 341
671 59
607 638
331 265
315 615
33 148
1190 122
416 545
468 55
752 521
512 340
1168 358
871 379
543 530
15 326
608 364
47 591
543 106
247 215
875 460
887 573
818 486
1115 651
380 256
141 518
1079 600
1032 504
1188 216
557 383
673 30
993 458
1098 555
926 206
88 645
933 372
152 209
709 159
655 642
513 305
1285 618
1064 380
673 343
93 402
800 224
1060 523
961 421
437 408
893 65
683 482
937 40
527 413
1171 168
157 516
85 171
1072 331
803 316
116 80
1194 447
681 503
1118 65
993 553
1011 85
167 316
343 526
25 180
940 386
378 368
591 141
1077 269
366 128
701 412
532 57
278 334
50 136
364 139
496 391
1064 49
915 326
578 469
304 368
983 58
751 457
4 417
358 124
931 213
105 462
598 59
1180 619
1064 180
989 95
517 265
286 642
1264 548
183 99
684 216
575 554
1044 133
458 467
114 68
237 425
561 108
420 443
17 395
707 239
1212 501
990 232
45 694
1057 145
734 446
622 165
260 306
584 176
432 218
659 473
129 612
528 559
538 652
412 15
935 16
39 203
344 409
319 68
1102 243
766 460
575 449
903 605
1085 512
520 279
1133 372
498 482
108 197
1014 249
29 688
866 578
853 493
64 236
141 490
504 654
863 57
209 632
1165 354
990 317
806 462
344 635
836 348
720 565
1207 552
249 1
868 179
419 480
983 14
95 423
485 458
362 651
1182 209
412 602
1078 671
810 479
204 347
1231 692
1078 505
1299 168
108 225
1074 685
820 680
963 250
616 344
1283 56
1075 347
332 417
1105 420
602 502
1094 147
518 529
548 675
1272 437
1036 257
1150 346
749 380
267 70
424 108
217 632
689 62
934 51
516 661
605 577
525 250
148 587
781 286
193 107
703 437
223 260
254 661
687 419
727 435
1220 96
17 99
967 572
781 479
438 540
835 137
821 610
270 181
1288 622
136 230
1157 361
453 318
539 595
380 92
537 579
1218 576
809 57
933 159
219 20
876 498
155 173
1205 357
823 180
330 556
735 396
845 55
17 657
673 535
1289 416
688 243
53 228
730 557
388 569
510 620
194 311
942 611
96 571
1287 82
763 276
540 295
652 549
866 81
626 16
372 582
1102 33
807 342
708 220
1026 229
97 232
32 93
1275 608
1235 581
132 208
1280 531
92 495
43 369
933 567
481 541
752 171
260 340
1105 219
957 83
126 18
843 185
1111 446
878 157
921 244
353 563
798 72
614 665
853 461
753 340
579 98
157 55
656 457
131 110
1176 496
411 300
33 206
924 374
3 653
806 573
46 469
999 347
837 623
989 123
276 605
231 222
618 680
675 196
341 201
154 577
519 80
359 479
667 360
116 44
1073 242
1017 521
562 253
1273 355
1026 692
304 477
742 331
904 643
925 134
916 357
1237 443
1000 80
367 174
1130 251
396 337
1132 137
605 43
745 95
12 558
392 663
1225 227
660 135
812 333
983 0
445 98
637 226
982 432
942 167
943 429
451 541
1192 50
247 108
1044 458
319 641
52 149
313 600
1111 490
8 326
818 142
295 533
795 238
761 686
704 550
60 325
1230 33
673 151
408 549
662 477
1132 447
720 152
1136 363
1283 492
1136 613
1221 200
188 382
545 247
1283 248
225 358
1067 134
819 579
940 489
879 290
26 189
1097 489
742 476
1262 519
256 477
1116 450
967 512
540 473
227 396
540 632
326 171
205 554
982 118
772 124
1093 592
1279 352
395 153
1216 544
84 599
167 103
78 17
485 378
415 154
520 129
772 597
247 558
790 207
537 45
609 506
437 391
1292 521
957 497
252 626
89 572
696 611
516 656
347 327
138 506
1262 279
113 392
809 591
535 513
1128 203
1156 516
1057 330
585 469
352 326
432 132
634 656
281 70
1018 679
60 577
1048 368
1136 569
628 274
161 313
40 558
423 462
979 410
344 585
790 585
532 75
1072 36
791 472
1197 109
1191 137
503 413
350 101
76 127
145 275
866 99
736 203
286 597
383 389
1252 516
636 621
468 305
938 435
399 629
304 347
124 330
550 365
1097 85
937 359
873 446
1171 561
507 648
429 45
376 350
579 678
788 197
711 303
1021 312
641 516
234 241
355 52
519 117
761 156
853 122
58 452
673 611
939 697
590 157
407 311
1140 69
47 17
1249 438
743 279
1012 417
850 181
283 490
882 376
95 192
1253 303
1057 490
857 99
309 81
892 597
908 5
1257 246
686 195
310 123
563 431
910 584
825 528
1249 531
89 581
1142 79
872 220
946 208
159 354
250 544
655 314
728 410
368 234
1007 164
363 386
952 308
1008 126
227 579
1040 152
1194 119
944 79
1005 40
399 584
833 209
304 160
792 380
309 94
928 253
769 576
724 612
1291 349
946 343
534 668
465 146
883 210
796 32
1160 508
719 516
643 406
866 446
86 526
440 283
42 47
374 170
1176 166
560 69
645 525
890 667
1120 584
805 515
517 418
879 599
370 21
1193 404
777 484
1032 574
787 458
237 471
722 655
214 409
174 6
850 350
354 286
259 664
590 265
706 201
1057 637
534 588
124 272
375 305
963 180
351 488
665 204
846 4
472 154
1274 62
976 569
1195 629
1095 576
686 147
330 539
898 172
1121 560
735 628
140 34
720 374
151 282
1269 81
1030 468
510 59
235 52
1138 679
460 661
1179 420
1272 68
1088 258