3000 50 80
314 385
984 291
1080 54
407 385
564 698
424 10
506 333
1035 489
1052 528
1273 364
1006 405
68 47
1058 404
503 389
1138 355
1292 203
87 396
367 567
912 515
692 382
1007 16
1299 547
711 125
806 157
1192 597
406 295
113 131
387 344
750 148
780 13
1067 363
642 73
278 15
109 315
1109 566
783 369
125 431
1200 220
1067 697
791 246
93 548
822 680
193 614
109 408
803 696
33 29
990 305
445 181
109 666
730 396
425 668
753 236
519 171
601 453
529 412
1053 616
66 6
302 118
494 464
501 402
769 279
454 134
901 211
1058 476
741 623
944 347
201 451
197 0
1024 342
1275 109
792 490
57 420
341 295
1294 187
1177 275
278 393
1022 116
791 325
480 601
666 596
595 440
725 215
383 503
1277 370
321 137
308 243
25 322
1128 576
193 252
955 432
559 338
204 396
821 547
203 443
419 205
320 676
536 217
451 424
484 663
622 282
1137 549
1012 280
47 598
57 256
275 354
332 191
270 60
139 373
175 527
458 671
484 258
1102 270
1192 275
1162 246
136 507
26 588
1182 569
616 627
920 586
862 630
718 562
1057 201
211 244
271 489
885 617
1295 260
758 340
722 637
579 416
1290 334
1088 294
182 303
209 496
581 392
103 177
872 259
299 390
81 64
540 438
1115 595
1249 688
1117 613
866 289
893 263
629 637
48 320
840 489
1037 441
691 589
527 513
859 400
269 545
1172 456
1178 25
784 1
289 420
935 591
238 166
200 576
1223 481
1140 601
669 494
476 474
292 330
217 635
561 366
707 443
780 260
5 179
940 614
1045 342
25 133
500 277
714 480
638 429
135 241
572 272
1252 121
314 459
788 397
690 488
798 397
1265 184
37 502
696 458
59 41
1241 105
77 666
1063 665
1057 108
1291 271
975 336
368 343
322 214
1098 230
1255 469
264 683
644 259
536 5
248 23
160 509
1047 242
25 66
737 532
1197 628
192 95
540 28
1257 530
249 624
1126 590
173 190
868 215
583 161
998 234
845 533
200 528
946 452
967 378
953 214
569 254
750 7
784 70
638 216
1184 97
583 307
50 426
707 503
214 272
835 510
355 323
968 502
382 637
685 112
1137 625
817 326
104 113
1110 326
459 278
761 245
500 422
1263 218
806 318
904 610
450 196
652 176
884 97
833 422
258 371
747 621
364 534
1008 108
165 23
751 605
1040 218
935 420
381 448
829 77
996 217
508 106
877 194
698 579
1119 204
879 357
752 324
378 297
947 546
643 513
392 534
270 430
885 601
390 1
1228 44
280 153
155 512
1203 644
1006 388
297 239
1029 148
1065 515
746 550
146 587
1246 297
474 600
931 209
358 431
115 538
906 246
779 662
533 525
1247 309
77 42
720 380
106 400
919 112
618 166
1184 177
541 606
1220 491
838 668
1242 244
184 245
632 147
773 477
847 294
1073 8
1117 138
750 14
256 486
1135 652
553 550
1017 168
554 88
254 83
370 26
1107 597
936 381
1068 465
1226 495
632 489
404 590
599 315
422 297
293 514
378 389
1112 164
989 15
143 457
982 212
1 531
306 181
999 691
661 44
152 595
303 625
48 32
33 100
348 71
550 538
233 685
448 611
887 71
881 408
1276 550
826 199
124 146
1010 301
543 61
509 366
74 671
389 604
449 274
546 69
1212 43
767 117
1133 242
865 395
1285 543
326 11
421 467
638 658
1188 503
921 344
1236 315
906 272
568 222
419 211
103 632
990 416
111 185
961 564
118 593
365 375
1037 349
89 619
1230 480
891 246
659 452
1142 432
498 318
998 530
810 203
496 130
772 504
84 184
807 634
182 350
554 495
343 248
66 93
1027 154
738 470
856 539
750 542
587 598
212 374
558 526
808 300
1050 591
1228 566
431 99
941 282
971 236
519 200
595 673
210 261
89 246
1017 291
474 539
1184 359
1022 512
305 576
98 642
699 29
363 46
1037 117
272 233
1088 460
785 111
240 323
72 204
76 91
64 127
763 482
456 594
51 535
1171 72
185 333
978 242
96 673
912 154
158 265
758 75
488 520
882 136
1048 65
1088 660
297 343
484 311
830 322
23 495
891 168
1001 110
500 363
566 177
251 247
806 565
940 678
533 360
823 624
305 212
444 224
539 377
697 379
293 358
480 330
1085 354
603 409
447 348
106 143
154 568
1159 302
1095 281
411 620
1040 543
368 89
671 156
318 349
1049 109
700 507
903 251
636 44
887 327
466 581
1279 665
468 340
495 524
489 657
281 486
96 224
717 116
338 417
1052 3
457 6
405 19
294 233
1163 506
546 543
1269 454
92 377
554 429
840 262
1141 20
162 398
554 685
925 515
636 588
1224 633
1007 395
782 698
975 517
887 505
1271 698
635 20
966 206
566 415
543 190
1215 14
537 320
1282 502
1200 53
1155 352
235 652
1105 19
302 692
315 482
507 403
294 485
463 597
1216 149
13 456
21 576
436 626
536 172
22 368
485 358
1255 484
460 241
176 157
463 261
380 623
1085 397
265 557
1121 694
148 575
780 241
1245 113
1068 434
651 559
474 656
361 149
1168 298
302 329
197 567
538 472
1015 345
912 219
361 365
412 540
1023 411
711 329
81 89
1043 521
844 162
936 532
151 375
1020 482
1294 693
1107 634
543 653
478 645
566 566
914 541
587 617
896 567
1126 114
229 224
339 323
66 183
1010 547
225 303
654 378
1081 606
1147 385
493 429
735 330
446 188
192 452
1268 4
599 508
356 266
1270 604
386 512
471 594
368 150
1034 196
394 67
1203 356
1034 473
740 556
1079 414
787 365
622 213
555 263
517 193
566 378
1131 84
303 313
1190 303
653 290
853 355
1059 361
285 9
399 187
779 157
468 330
832 266
904 395
984 181
181 142
627 607
49 69
837 298
765 567
488 165
149 8
328 421
366 167
886 233
521 256
1287 227
290 228
1158 521
528 628
850 154
186 524
172 44
1077 578
51 369
137 172
926 390
1233 458
1108 465
1014 261
947 228
1190 295
339 316
17 299
756 243
17 67
516 299
1135 153
47 411
7 28
849 44
583 39
1282 47
328 333
1087 618
775 616
1162 696
317 672
347 263
778 454
173 118
1143 531
659 409
676 660
736 693
122 17
786 292
396 412
383 326
1218 554
270 248
879 258
574 606
417 122
697 35
722 29
375 343
958 155
583 150
865 94
98 190
176 162
1188 365
192 287
9 277
1009 71
329 240
608 160
1292 4
1125 500
851 407
165 494
399 85
277 458
708 59
1293 538
1063 358
826 179
154 399
1104 671
444 401
1075 521
926 678
1025 105
362 450
959 148
423 208
853 519
1223 627
215 174
24 535
861 355
79 422
977 539
1275 25
1262 459
1263 149
726 173
582 114
1238 389
126 342
280 423
588 64
562 538
578 10
844 309
1230 583
953 613
182 57
335 145
1244 689
336 330
1124 393
418 448
796 412
725 51
950 466
124 240
615 542
413 100
1167 190
482 51
170 388
253 445
373 155
204 265
802 449
494 26
929 426
628 543
274 116
1001 292
612 18
770 464
351 160
703 54
4 338
1216 119
859 41
1152 114
504 101
166 454
1217 699
9 151
1156 149
495 251
90 18
239 258
928 323
190 606
612 688
165 485
479 554
286 531
297 549
1286 366
284 197
1002 497
336 561
901 380
959 135
613 664
1230 8
765 673
26 246
1199 174
331 69
311 62
1007 504
203 663
53 3
242 611
1095 675
389 217
237 682
463 167
195 140
394 625
612 35
939 430
34 53
475 437
699 263
1026 663
306 88
722 160
368 177
505 417
623 178
597 499
382 16
718 206
723 587
693 411
599 224
345 77
605 120
438 139
338 184
187 413
1130 405
50 154
1150 590
975 76
1200 30
248 605
872 13
1221 119
274 150
937 406
856 660
862 278
856 430
1025 138
365 267
347 505
398 127
261 65
449 534
895 614
988 431
198 102
1214 79
629 643
430 159
879 431
148 135
476 172
205 414
264 27
16 654
234 170
1206 672
826 261
1273 505
532 458
65 398
471 42
248 307
789 377
1120 689
1171 517
529 71
557 165
172 14
795 4
1060 274
942 144
750 531
441 618
227 523
162 347
252 185
1166 152
227 388
876 296
246 392
75 242
453 57
1087 342
1183 116
307 112
135 563
181 554
875 180
476 206
132 580
1086 2
1056 583
1113 686
139 534
577 74
1013 230
1299 387
1031 27
855 591
783 128
412 16
564 123
637 251
312 208
1262 657
1030 199
262 162
847 343
515 222
224 414
923 421
680 592
589 300
109 266
1193 396
937 401
655 512
715 233
1025 448
340 99
573 49
750 21
90 345
65 14
229 310
1119 58
762 5
1044 662
1198 365
765 312
1215 389
563 491
837 654
848 610
363 213
723 460
1280 414
437 199
1015 533
658 537
371 504
364 28
862 417
1093 566
867 666
1102 152
703 302
1125 482
867 183
898 635
514 181
978 256
23 640
904 343
794 150
1019 61
290 576
532 146
324 613
196 109
1077 566
1079 555
942 520
629 480
1278 656
1153 285
968 539
23 522
985 483
1280 7
272 678
798 310
282 176
314 57
331 552
1093 485
746 682
667 144
300 646
429 697
1261 683
1293 544
1299 84
1097 580
1215 642
447 409
609 237
528 355
921 20
337 138
770 473
67 459
130 22
161 531
1197 371
218 286
224 558
768 571
126 566
79 176
692 70
837 544
779 348
72 548
1226 603
710 49
1176 125
86 654
224 217
1060 166
761 690
744 233
751 70
330 260
1021 544
1195 33
877 69
521 276
1220 51
683 42
534 22
536 279
903 453
799 233
76 555
248 464
452 478
84 498
316 697
610 480
46 116
1272 142
227 121
583 436
622 312
199 533
729 645
1008 269
1192 553
764 439
183 597
1017 652
1062 140
574 465
826 685
896 575
626 16
833 142
363 173
596 19
175 309
663 212
364 675
1040 429
89 77
945 261
463 604
694 543
866 82
910 94
547 516
979 370
1063 617
770 535
167 53
1201 610
1045 527
967 472
484 61
1292 387
1207 223
342 680
1000 570
1154 600
643 495
875 273
1298 49
563 331
998 488
65 158
563 504
1218 154
1289 262
42 374
1128 327
624 672
609 541
807 657
904 412
1247 190
1217 661
1265 519
900 536
402 248
755 102
826 356
37 214
10 212
337 228
343 110
147 103
266 536
1080 347
1099 546
1238 613
117 283
287 68
1092 544
531 194
932 395
1081 153
109 566
730 626
979 329
330 460
421 116
576 448
1198 305
237 574
300 529
988 204
510 544
889 467
642 412
10 678
792 438
1217 346
375 581
447 9
567 577
263 611
190 408
578 578
759 155
1105 42
1287 221
718 301
61 449
562 240
377 656
1272 390
841 82
1089 589
101 444
59 273
32 136
509 88
711 379
1079 290
309 37
687 299
512 351
595 77
360 569
1016 336
663 640
745 503
267 224
703 680
425 620
143 363
912 679
185 519
216 438
1009 337
1295 656
875 130
1057 151
703 528
70 579
330 364
1090 683
252 236
313 300
1178 139
7 360
1135 421
250 587
1072 422
964 645
782 671
867 158
354 99
1286 693
657 338
165 422
522 607
142 527
201 15
205 694
671 618
655 53
1002 620
928 687
527 325
1282 363
1081 536
629 342
426 322
120 358
1171 404
927 657
695 239
1150 90
150 357
973 639
464 558
954 281
417 1
582 251
1 465
960 254
997 310
1070 573
1098 353
701 47
1041 150
252 664
372 414
386 5
1104 78
311 160
1036 561
881 221
572 650
139 155
282 472
361 693
793 254
271 240
235 507
717 531
243 290
371 250
360 105
662 142
743 63
259 324
996 58
1132 343
445 577
399 0
476 403
523 79
317 521
205 364
263 138
79 538
757 454
1108 101
681 125
440 585
1092 146
70 295
953 300
140 237
26 7
1083 495
343 222
844 200
1038 279
1266 631
782 60
575 571
415 289
324 640
872 583
129 549
77 86
1273 475
677 146
885 522
745 565
1141 568
35 669
676 231
239 565
812 149
915 587
992 621
364 183
778 471
539 353
1277 644
582 242
503 27
333 13
339 25
706 33
977 569
825 581
661 435
739 260
755 538
350 558
1072 483
233 305
939 357
491 527
701 644
1162 308
293 10
568 550
213 308
576 667
846 540
509 204
579 398
841 511
430 275
614 236
1095 111
178 560
1085 626
983 205
1137 467
554 316
383 319
359 307
1035 446
1168 384
867 559
800 415
174 582
166 199
1192 606
520 451
108 462
1265 639
351 619
1206 607
1251 479
806 282
444 49
311 440
1019 621
907 646
1041 355
925 95
118 584
945 505
681 51
1094 324
671 360
350 13
1159 205
207 38
252 323
1282 585
993 566
243 164
136 185
936 597
1263 529
201 513
809 105
750 560
1238 126
809 1
512 652
54 636
444 87
413 687
37 558
730 183
889 552
883 610
361 334
1202 688
69 265
264 653
21 78
1220 459
265 314
219 608
952 526
1165 145
1215 578
903 496
511 301
40 126
634 619
376 566
454 494
815 235
287 223
359 439
950 674
1122 379
1144 284
924 198
642 390
644 137
1295 312
305 459
281 495
110 383
454 219
263 482
1146 204
53 526
426 21
1028 121
684 137
523 48
226 142
267 426
969 675
85 164
1123 260
699 2
1095 442
426 343
62 513
513 397
30 109
742 130
978 523
307 371
1270 591
660 622
892 487
1146 162
275 50
487 502
937 32
948 9
74 373
1017 642
122 514
894 475
1163 484
1236 379
344 641
526 176
1181 124
1109 87
994 123
719 121
268 333
6 630
623 203
936 504
888 350
518 421
792 684
397 59
525 194
1170 17
445 97
51 285
450 435
81 432
464 146
1184 41
500 90
431 69
286 40
743 74
679 8
1003 54
918 172
573 459
880 319
912 246
397 329
507 449
409 114
196 525
908 374
411 3
1144 126
952 508
157 132
656 158
999 172
17 461
665 49
1031 564
368 218
419 217
1120 421
1075 699
393 440
917 632
740 43
157 273
790 619
1182 680
37 447
1255 108
1281 622
1002 355
1195 179
773 594
497 372
990 361
822 493
1125 134
624 415
1078 600
145 421
91 261
874 305
1288 679
1111 2
334 445
1040 34
671 630
215 430
522 694
239 221
963 76
1131 75
699 61
505 252
1089 474
648 112
263 629
428 89
173 228
932 336
252 567
1236 108
184 190
128 577
1203 502
154 546
825 699
829 694
605 425
164 305
455 149
619 240
1190 660
566 425
63 454
329 656
106 49
815 693
1086 62
1138 52
193 105
68 534
580 311
158 58
1295 442
108 456
947 197
42 337
487 98
776 274
299 107
1099 410
877 562
289 395
1026 357
34 243
967 249
821 671
826 244
113 389
59 237
1115 495
626 579
1229 373
307 616
1281 81
456 101
1032 401
513 237
475 244
1005 316
56 382
984 521
1226 177
732 209
182 430
180 217
540 169
746 667
908 186
69 539
694 252
386 577
1020 233
10 392
687 430
243 316
393 435
148 14
328 560
940 106
1147 613
17 438
608 654
1026 604
519 26
1130 519
675 335
1002 481
344 217
164 552
406 620
1176 354
415 25
269 273
972 484
1057 135
616 89
454 640
877 390
323 95
753 395
655 406
14 5
917 380
309 609
1118 607
1059 620
766 420
1102 24
418 485
516 582
1155 48
1023 332
628 389
895 92
381 519
687 450
171 686
1201 550
723 415
850 633
83 170
1204 574
846 581
953 648
916 146
42 447
1061 423
912 63
228 205
89 181
1035 603
645 14
536 92
1083 8
342 493
46 631
645 695
1151 211
434 225
572 258
268 593
560 617
1149 433
621 379
28 202
330 56
50 677
678 190
603 346
189 140
249 194
998 103
367 126
819 222
175 88
900 685
41 677
587 461
1106 501
1285 498
182 608
1041 614
1264 394
197 66
636 686
6 112
1117 231
820 178
523 113
358 168
1275 576
967 197
278 133
672 208
1005 411
710 156
351 597
404 282
960 160
725 240
649 535
1042 635
1094 50
244 17
297 201
607 70
95 300
712 318
489 51
231 432
865 484
862 272
1283 112
518 372
836 157
898 656
981 131
1118 656
329 105
581 132
430 258
486 511
351 695
821 216
107 321
565 210
1126 524
955 121
285 16
394 463
57 220
62 21
834 630
823 563
1063 677
723 208
1060 659
467 303
32 536
52 506
1201 328
745 281
1159 399
247 356
856 15
76 60
710 186
356 400
187 304
158 167
794 581
1059 91
1097 148
458 527
790 57
103 287
135 469
1063 369
510 280
104 71
960 374
90 12
305 8
369 384
646 425
1035 674
1214 109
1012 564
55 246
563 164
767 542
52 207
1191 38
125 595
225 147
647 318
189 261
747 198
352 2
1288 323
1076 408
567 1
939 498
726 424
932 95
984 317
64 213
1285 630
510 593
781 423
969 17
74 398
93 219
725 433
362 578
34 592
524 403
1025 569
857 523
1121 665
659 696
298 418
690 309
1282 659
43 31
370 614
332 426
69 311
386 31
828 552
972 651
927 532
180 87
894 82
1171 646
1106 570
1257 45
35 375
87 662
352 36
533 572
244 300
350 510
1041 567
1065 98
539 250
947 180
439 237
319 196
661 195
855 647
139 600
757 401
1102 331
1148 537
441 148
1299 91
964 489
1208 90
8 451
1180 473
560 198
845 363
125 195
848 417
924 478
835 621
80 198
623 113
759 632
1268 189
632 331
509 152
395 101
190 6
167 12
223 98
137 19
282 541
924 666
307 678
985 25
187 312
1244 87
1003 682
128 297
1034 580
810 502
246 151
774 586
671 645
312 105
839 505
674 134
363 245
1043 586
770 517
22 512
1131 139
240 477
27 141
904 633
489 638
1228 129
563 547
524 250
630 434
1271 626
479 586
6 556
649 470
775 403
898 307
1193 665
149 368
577 478
320 414
290 405
723 555
434 369
1284 462
1208 35
113 598
1224 77
165 175
796 445
1093 220
102 212
1161 615
789 470
1263 494
920 183
690 171
1177 227
604 597
1067 553
93 415
943 388
519 126
1168 305
316 305
588 148
1153 437
748 81
126 365
561 650
773 676
159 154
8 610
94 173
709 527
359 207
93 285
900 11
270 259
487 206
294 169
92 557
231 646
419 53
197 604
758 18
145 677
835 663
149 24
286 23
1113 125
983 263
1024 477
72 67
1237 51
1162 674
175 641
522 310
961 635
937 537
816 121
768 284
1205 169
290 432
1 196
1298 355
141 592
447 387
667 107
270 600
248 31
992 338
722 17
1091 93
1162 194
877 106
228 130
273 367
827 237
152 327
54 571
1154 143
646 197
976 471
1207 80
247 565
575 148
877 376
1004 649
449 63
847 61
710 422
793 626
363 53
943 552
329 324
339 623
84 379
375 38
951 19
721 656
1015 479
265 263
458 378
703 410
1012 419
956 343
604 272
494 496
13 409
679 314
242 104
875 634
254 464
144 428
918 211
537 558
674 315
979 579
882 145
857 596
408 36
946 697
107 639
212 620
297 435
769 304
316 66
989 62
1168 444
302 25
501 73
1076 622
735 286
565 152
672 532
259 134
1201 377
238 601
1176 415
883 484
954 88
1289 509
588 166
507 687
749 334
1021 89
309 256
1284 445
1241 68
1009 191
1082 284
887 15
44 590
334 522
830 300
1266 357
451 397
1293 317
677 476
676 600
336 112
608 135
1284 527
236 38
331 245
720 67
501 471
78 268
159 388
187 642
1075 359
722 352
213 609
355 379
910 324
337 222
1011 146
617 329
520 689
614 404
1119 290
1079 275
440 349
133 86
801 457
939 244
1119 622
1197 689
794 498
868 265
474 395
1261 275
177 459
936 584
338 498
1037 626
77 336
948 539
9 193
1198 122
1259 357
313 536
147 202
600 105
577 247
673 249
992 97
104 430
628 172
384 216
1193 678
1001 361
1237 632
824 173
978 671
433 434
828 519
1082 510
1017 381
37 321
498 142
1032 180
487 138
859 160
167 32
599 207
566 269
992 310
389 23
1003 590
192 372
754 406
1065 339
1281 296
1174 322
856 98
1060 458
1135 330
642 624
611 28
1151 33
670 6
425 363
1219 584
1116 465
1299 257
304 93
488 684
1123 80
460 685
810 259
429 404
800 105
256 197
855 8
950 278
632 94
805 411
576 621
832 442
1148 263
645 251
852 270
1229 634
503 295
60 134
1252 656
486 280
1008 353
221 595
1252 196
548 463
259 224
854 218
854 37
4 502
218 486
759 672
273 556
954 94
154 626
188 681
699 612
838 251
787 389
68 140
869 466
357 412
1003 117
740 267
987 228
745 243
895 186
467 636
137 556
255 50
808 56
1114 115
598 339
911 362
84 176
1009 606
961 249
329 299
468 120
833 271
1089 502
1284 421
228 284
754 187
1186 690
208 457
687 582
221 497
408 132
993 148
394 486
1176 72
644 324
1259 5
564 316
507 182
852 321
70 529
887 575
655 422
30 63
1261 144
794 421
1153 344
767 97
555 172
1129 471
96 63
229 54
322 696
594 97
450 207
399 338
374 44
940 591
1079 500
812 604
826 397
801 10
853 622
653 91
460 498
1101 612
892 583
163 286
1086 699
922 275
1215 652
608 473
821 108
477 480
19 333
255 287
1197 232
540 8
972 633
939 83
232 690
905 404
1210 328
367 359
1014 24
227 574
908 332
399 523
1120 360
7 261
436 159
600 615
285 229
1199 189
351 629
891 2
402 492
341 583
229 601
982 479
1285 102
1215 311
1171 628
305 30
938 448
342 443
1291 426
1026 694
40 218
1290 171
45 229
383 430
1014 528
70 660
974 154
121 175
591 536
549 699
1049 220
803 309
324 688
483 398
139 42
1098 501
159 178
38 22
666 55
97 605
558 296
225 314
613 611
1035 528
1031 1
1187 200
451 253
686 336
924 351
642 92
1138 25
259 70
986 419
1244 211
1054 185
1132 43
735 553
132 0
900 349
284 313
741 154
619 235
321 170
805 86
62 187
236 358
1210 138
375 631
5 77
933 497
509 408
880 369
1020 285
946 444
1056 41
839 285
221 581
629 2
1045 445
752 625
339 352
590 226
401 425
1004 158
1180 390
206 278
1154 229
224 379
1225 669
704 623
720 48
75 258
74 121
125 304
953 458
992 659
1107 382
929 407
1164 50
461 340
1031 290
212 351
822 276
155 364
628 602
342 307
27 40
415 409
17 158
190 654
1102 646
1131 549
61 351
1160 556
297 476
944 565
1024 579
511 113
973 551
1155 461
1092 431
1094 592
631 582
104 124
768 102
1236 696
974 389
1085 107
385 362
323 569
1026 265
404 410
639 526
404 87
1016 592
817 39
17 509
1163 578
33 171
146 606
222 447
107 626
461 208
1296 449
473 35
606 686
656 366
895 551
97 389
218 589
593 230
157 581
1264 209
406 509
187 472
616 48
507 485
48 350
940 70
1292 380
173 166
14 238
188 80
957 171
476 498
1247 666
61 175
497 116
599 159
42 642
1032 297
604 467
148 67
1145 363
874 247
880 289
1086 165
848 589
586 111
115 474
874 149
598 572
1035 665
414 215
243 453
590 38
968 408
675 570
1050 93
850 221
86 615
727 127
881 345
480 177
462 120
15 378
279 318
85 452
55 656
410 682
283 243
1096 340
1113 634
534 404
368 48
1089 207
651 21
560 65
525 385
1183 465
1297 420
180 539
562 599
575 205
376 686
381 100
1119 642
979 424
442 434
152 465
1265 581
622 140
1002 563
1135 56
488 380
814 109
399 628
1082 173
863 454
456 28
1151 646
623 227
503 576
197 127
599 560
1233 589
328 130
738 102
476 325
227 609
868 27
229 162
1000 91
479 67
694 436
451 458
718 416
157 573
650 356
282 375
656 68
419 517
667 591
1266 321
374 336
39 553
888 281
309 98
747 369
787 583
863 119
784 454
314 580
572 215
1008 475
856 696
703 500
999 667
730 245
142 572
1044 276
1268 110
22 596
766 216
368 582
1079 453
1201 16
420 78
268 71
743 423
517 490
835 133
944 82
343 537
141 210
1167 202
194 637
376 90
1271 442
671 470
603 320
1272 8
0 438
38 423
1056 27
556 501
836 561
656 285
1244 371
1276 428
1068 656
529 502
924 609
660 220
1160 225
89 564
273 129
147 513
1140 502
426 453
362 649
416 503
946 416
950 433
289 351
99 635
867 408
171 331
460 23
1226 215
347 242
1162 288
78 530
912 414
542 338
1144 132
1248 470
248 158
972 662
1215 91
344 366
205 592
651 278
414 208
650 514
943 234
964 440
941 160
25 602
1247 154
874 359
515 444
314 253
1248 653
899 107
711 83
952 474
431 43
246 554
973 341
46 667
122 87
624 55
525 570
43 526
593 425
986 383
572 3
41 287
1256 545
650 84
661 564
1256 240
1106 585
1156 366
1233 343
659 275
1021 127
916 664
31 622
1164 229
1128 52
497 293
1024 689
1099 529
737 484
35 695
1015 603
974 403
911 160
158 697
1 303
338 175
560 594
403 135
473 237
372 538
771 452
457 463
1215 353
1134 223
238 423
392 237
1035 215
263 429
901 69
1173 262
679 533
291 109
86 357
980 8
531 608
533 681
1046 648
1131 228
1084 486
885 646
885 155
744 29
566 403
961 604
613 4
411 571
211 105
454 162
1227 325
249 379
593 578
987 109
900 53
419 327
1133 170
916 486
1138 218
495 443
730 263
1268 333
1172 398
604 627
827 441
121 75
179 416
652 567
967 181
159 435
418 574
1232 150
82 285
1019 274
860 189
110 505
1192 16
181 573
500 18
135 388
577 212
599 87
445 539
1294 432
874 474
796 518
837 389
317 442
578 504
365 414
644 225
597 189
506 266
1217 407
0 235
7 298
491 228
414 615
485 470
73 194
369 3
576 0
429 527
1110 186
492 72
484 22
1027 629
883 264
1287 583
337 75
962 674
240 23
308 334
75 29
195 306
1297 496
661 518
403 100
1135 526
1211 432
534 128
910 535
23 556
17 182
1048 532
311 182
466 75
177 694
221 548
439 47
888 308
1121 372
1081 593
687 483
521 395
910 520
713 211
658 260
754 79
1146 58
624 628
693 288
900 21
243 79
70 18
628 226
878 515
325 582
285 402
1150 495
522 365
381 488
1034 424
1193 105
342 288
586 379
82 446
1076 19
987 83
224 690
104 132
693 675
232 439
440 450
537 478
441 244
735 378
842 392
1068 25
954 40
140 367
842 356
868 239
479 458
836 411
121 686
605 692
870 19
267 365
504 48
252 669
326 276
1251 670
829 366
823 99
705 357
172 488
504 12
1140 230
992 539
128 392
68 386
1175 599
119 83
385 111
132 47
421 86
737 110
1187 47
589 550
634 4
713 226
913 77
799 471
19 312
1186 259
531 214
11 602
392 253
177 627
631 503
249 73
304 484
812 645
22 15
97 252
1257 390
653 684
1172 436
883 439
1075 58
378 676
836 430
899 290
823 31
413 391
188 343
609 334
357 482
552 75
1129 31
720 285
1233 446
926 631
1128 11
622 148
345 556
464 291
784 17
1279 609
117 410
266 696
640 450
1134 585
526 200
765 391
644 580
418 397
1289 37
1265 444
708 191
251 417
1073 261
107 557
211 522
1111 288
637 62
537 652
1071 70
313 52
14 285
854 57
249 595
225 240
17 290
800 568
1199 296
913 192
1223 533
1163 373
432 512
996 144
108 339
1149 505
1296 525
1075 203
1267 145
569 476
869 196
214 656
266 461
1227 610
368 195
1139 259
106 6
283 321
531 424
423 484
455 310
1060 503
1032 396
609 503
267 503
3 577
1016 552
881 699
490 696
104 550
1280 323
874 619
1212 264
795 143
611 659
1143 324
606 389
520 411
1206 556
771 138
794 11
443 589
226 34
20 563
1063 527
64 73
579 443
529 652
1280 487
764 636
423 448
119 510
385 424
1084 137
508 272
554 652
410 633
754 157
1109 538
918 229
698 9
20 341
1029 165
1235 174
324 155
215 698
426 305
1116 97
1006 575
1292 437
443 377
413 518
477 411
85 678
352 149
383 387
453 321
304 63
645 504
1008 253
909 132
1017 0
294 124
680 453
234 614
348 521
167 573
247 108
759 289
69 630
1168 351
115 293
368 432
270 339
1276 345
1171 409
183 98
1060 249
744 14
218 544
1152 96
1181 129
409 209
800 39
484 174
208 284
499 439
589 422
555 416
468 164
1064 175
1273 616
1192 413
144 288
1110 656